"species","x","y","wc2.1_2.5m_bio_1","wc2.1_2.5m_bio_10","wc2.1_2.5m_bio_11","wc2.1_2.5m_bio_12","wc2.1_2.5m_bio_13","wc2.1_2.5m_bio_14","wc2.1_2.5m_bio_15","wc2.1_2.5m_bio_16","wc2.1_2.5m_bio_17","wc2.1_2.5m_bio_18","wc2.1_2.5m_bio_19","wc2.1_2.5m_bio_2","wc2.1_2.5m_bio_3","wc2.1_2.5m_bio_4","wc2.1_2.5m_bio_5","wc2.1_2.5m_bio_6","wc2.1_2.5m_bio_7","wc2.1_2.5m_bio_8","wc2.1_2.5m_bio_9"
"background",1,1,8.89066696166992,16.0553340911865,2.7553334236145,2147,344,25,64.0172424316406,998,141,152,918,10.9659996032715,42.2288970947266,550.593078613281,25.068000793457,-0.899999976158142,25.9680004119873,3.12866687774658,15.782000541687
"background",2,2,11.1456661224365,18.0459995269775,5.13399982452393,1398,226,18,64.1313323974609,653,98,100,590,11.691333770752,44.1515617370605,526.9267578125,27.6119995117188,1.13200008869171,26.4799995422363,5.48733329772949,17.6219997406006
"background",3,3,6.22933340072632,13.4680004119873,0.209333300590515,2428,389,41,61.9861335754395,1127,185,198,1043,10.0406665802002,39.3875198364258,549.513549804688,21.9759998321533,-3.51600003242493,25.492000579834,0.724666655063629,13.1146669387817
"background",4,4,11.1230001449585,18.0793323516846,4.53466653823853,1386,215,24,58.5472717285156,622,113,119,577,11.5013332366943,42.9410591125488,556.526123046875,26.9559993743896,0.172000005841255,26.7839984893799,4.92000007629395,17.9780006408691
"background",5,5,5.85400009155273,14.1306667327881,-1.79266667366028,1308,232,17,71.8092880249023,661,84,89,618,10.9619998931885,36.9937896728516,654.105041503906,23.6040000915527,-6.02799987792969,29.6319999694824,-1.05266666412354,13.9733333587646
"background",6,6,10.0173330307007,16.7333335876465,4.15000009536743,2049,313,30,58.4186897277832,904,154,159,842,10.4326667785645,42.6310348510742,520.098449707031,25.0919990539551,0.620000004768372,24.4719982147217,4.50799989700317,16.496000289917
"background",7,7,9.25816631317139,15.2720003128052,3.71133327484131,1799,290,29,62.873119354248,837,136,145,780,11.1110000610352,46.234188079834,474.678863525391,23.6240005493164,-0.407999992370605,24.0320014953613,4.11999988555908,15.0646667480469
"background",8,8,3.99166655540466,11.7533330917358,-2.44066667556763,2108,342,29,61.8446807861328,969,157,164,914,9.73799991607666,37.1622657775879,580.332458496094,20.007999420166,-6.19600009918213,26.2039985656738,-1.72733330726624,11.1013326644897
"background",9,9,4.68733310699463,11.9959993362427,-1.42199993133545,2096,346,35,63.2953834533691,987,160,170,916,9.26666641235352,37.037036895752,555.156188964844,19.7999992370605,-5.21999979019165,25.019998550415,-0.879333317279816,11.550666809082
"background",10,10,8.10000038146973,15.3319997787476,2.07933330535889,2090,341,25,64.6890106201172,979,139,150,905,11.6266670227051,43.6174468994141,550.637939453125,24.8640003204346,-1.79199993610382,26.6560001373291,2.49799990653992,14.9953327178955
"background",11,11,9.01916694641113,15.1280002593994,3.70266675949097,2124,336,35,63.0730133056641,987,160,170,917,10.6963329315186,45.8912544250488,472.004028320312,23.1399993896484,-0.167999997735023,23.3079986572266,4.03466653823853,14.8599996566772
"background",12,12,11.5126667022705,18.4386672973633,5.01733350753784,1057,178,15,64.020751953125,498,76,79,457,11.5333337783813,43.561466217041,551.400756835938,27.4200000762939,0.944000005722046,26.4759998321533,5.38466644287109,18.3346672058105
"background",13,13,8.92666625976562,17.7193336486816,0.903333365917206,394,64,13,56.2188835144043,187,49,51,161,15.7306661605835,44.7351455688477,690.730407714844,30.5559997558594,-4.60799980163574,35.1640014648438,1.44333338737488,17.6219997406006
"background",14,14,11.4488334655762,18.3460006713867,5.17466640472412,1084,194,13,71.270149230957,535,62,66,499,12.1256666183472,45.1506767272949,538.333923339844,28.0120010375977,1.15600001811981,26.8560009002686,5.53200006484985,18.0673332214355
"background",15,15,11.550666809082,18.6119995117188,5.26133346557617,1096,187,15,66.8365707397461,525,73,74,487,11.9720001220703,43.8856315612793,544.208312988281,28.3799991607666,1.10000002384186,27.2799987792969,5.58266687393188,18.2439994812012
"background",16,16,5.44366693496704,13.6466665267944,-2.02333331108093,729,126,19,63.3487091064453,351,69,73,326,14.96399974823,45.142993927002,648.107482910156,25.2560005187988,-7.89200019836426,33.1480026245117,-1.41866672039032,13.6079998016357
"background",17,17,8.46583366394043,15.2973337173462,2.80666661262512,2278,359,31,60.9843978881836,1033,163,176,966,10.1990003585815,41.9988479614258,519.128173828125,23.5359992980957,-0.748000025749207,24.2839984893799,3.16199994087219,14.9320001602173
"background",18,18,9.9288330078125,16.5540008544922,3.86133337020874,2150,338,34,60.5824966430664,975,166,175,911,11.3083333969116,43.6547775268555,521.323913574219,25.5440006256104,-0.360000014305115,25.9040012359619,4.25466680526733,16.3159999847412
"background",19,19,9.73999977111816,16.441333770752,3.61466670036316,2490,399,37,62.9507713317871,1153,182,197,1077,10.6406669616699,42.0380325317383,527.367797851562,25.1359996795654,-0.175999999046326,25.3120002746582,4.09066677093506,16.2606658935547
"background",20,20,10.3326663970947,16.6879997253418,4.47600030899048,1335,219,23,63.0009384155273,632,111,111,570,11.2720003128052,45.2182312011719,503.875183105469,25.3759994506836,0.448000013828278,24.92799949646,4.72933340072632,16.6879997253418
"background",21,21,6.42866659164429,14.2573337554932,-0.573333323001862,1284,218,18,65.9673843383789,620,94,99,583,10.6619997024536,38.429931640625,608.512451171875,23.2159996032715,-4.52799987792969,27.7439994812012,0.10933331400156,14.0266666412354
"background",22,22,6.42716646194458,14.2080001831055,-0.489333361387253,1266,215,20,65.1403579711914,611,99,104,568,11.9716663360596,41.2361068725586,605.287170410156,24.1480007171631,-4.88400030136108,29.0320014953613,0.14266662299633,14.0726671218872
"background",23,23,11.4393329620361,18.2140007019043,5.17933320999146,1083,187,14,68.1988220214844,523,69,69,486,11.800666809082,44.6927223205566,533.095825195312,27.5799999237061,1.17599999904633,26.4039993286133,5.58733367919922,18.021333694458
"background",24,24,11.7448329925537,18.7240009307861,5.4913330078125,1251,215,15,69.2267608642578,613,79,82,554,12.0943336486816,44.5430679321289,538.999816894531,28.3600006103516,1.20800006389618,27.1520004272461,5.88866662979126,18.3653335571289
"background",25,25,10.6960000991821,16.7406673431396,4.98133325576782,1659,262,28,61.606746673584,762,127,140,709,10.0286664962769,44.1091957092285,478.948852539062,23.8759994506836,1.13999998569489,22.7360000610352,5.45266675949097,16.4460010528564
"background",26,26,4.89633321762085,12.9553327560425,-2.21799993515015,1007,176,20,67.152717590332,493,82,82,457,14.4806661605835,45.0493621826172,627.217102050781,24.3799991607666,-7.76399993896484,32.1439971923828,-1.56000006198883,12.8293333053589
"background",27,27,8.0218334197998,15.2446660995483,2.06133317947388,2147,352,26,65.0987167358398,1010,140,154,935,11.2676668167114,42.96044921875,547.779907226562,24.5399990081787,-1.68799996376038,26.2279987335205,2.46466660499573,14.8846664428711
"background",28,28,11.748833656311,18.9500007629395,5.44333362579346,1245,209,15,67.3655471801758,601,82,86,541,12.2276668548584,44.1177177429199,548.518493652344,28.8799991607666,1.16400003433228,27.7159996032715,5.83133316040039,18.4673328399658
"background",29,29,4.26033306121826,12.1633329391479,-2.24666666984558,1447,247,25,65.6426544189453,697,115,115,651,12.7873334884644,43.1712799072266,597.156494140625,22.4599990844727,-7.15999984741211,29.6199989318848,-1.56666660308838,11.7699995040894
"background",30,30,11.0450000762939,17.8613338470459,4.71333312988281,1228,210,16,68.9370880126953,596,77,83,561,11.7059993743896,44.5366020202637,537.835083007812,26.8759994506836,0.592000007629395,26.2840003967285,5.05866670608521,17.6359996795654
"background",31,31,11.4498338699341,18.2573337554932,5.11666679382324,1019,177,13,67.5500564575195,492,65,71,455,11.889666557312,44.9480819702148,540.341735839844,27.4440002441406,0.991999983787537,26.4519996643066,5.4520001411438,18.1240005493164
"background",32,32,7.7611665725708,14.3806667327881,2.14800000190735,2239,343,44,58.6293487548828,1015,188,200,927,10.4790000915527,42.7295722961426,509.443176269531,22.8799991607666,-1.64400005340576,24.523998260498,2.45733332633972,14.1353330612183
"background",33,33,10.9436664581299,17.6813335418701,4.75266647338867,1400,216,19,59.752555847168,627,105,105,568,11.4093332290649,43.5337829589844,530.884643554688,26.7959995269775,0.587999999523163,26.2080001831055,5.07600021362305,17.6813335418701
"background",34,34,8.78683376312256,15.8846664428711,2.15000009536743,2289,363,33,62.0255508422852,1049,167,179,984,10.8736667633057,40.6887664794922,562.722412109375,24.8040008544922,-1.91999995708466,26.7240009307861,2.68599987030029,15.6400003433228
"background",35,35,6.78816699981689,13.8813333511353,0.650666654109955,1924,313,34,62.8098564147949,907,149,161,834,10.4130001068115,40.6059913635254,547.873718261719,22.488000869751,-3.15599989891052,25.6440010070801,1.06666672229767,13.6260004043579
"background",36,36,6.73799991607666,14.6393337249756,-0.28999999165535,1629,273,22,65.5167541503906,775,115,122,720,12.8513336181641,42.9925498962402,616.667785644531,25.1760005950928,-4.71600008010864,29.8920001983643,0.212666675448418,14.4773330688477
"background",37,37,11.1518335342407,17.9906673431396,4.91599988937378,1166,206,13,71.9419174194336,574,63,70,546,11.9283332824707,44.8771018981934,533.637939453125,27.3439998626709,0.763999998569489,26.5799999237061,5.26200008392334,17.7053337097168
"background",38,38,8.96049976348877,15.3053331375122,3.49133324623108,1999,302,38,58.0881805419922,900,171,181,822,10.7270002365112,44.5917854309082,489.390380859375,23.6720008850098,-0.38400000333786,24.056001663208,3.80466651916504,15.0559997558594
"background",39,39,5.93783330917358,13.5026664733887,-0.453333288431168,2409,389,40,62.561840057373,1124,182,196,1042,10.1090002059937,38.3148880004883,577.766662597656,22.1000003814697,-4.28399991989136,26.3840007781982,0.0886666998267174,13.1873331069946
"background",40,40,7.96216678619385,14.9993333816528,2.02266669273376,2252,360,29,62.024772644043,1032,158,171,967,10.0303335189819,40.6086387634277,537.806213378906,23.2080001831055,-1.49199998378754,24.7000007629395,2.38666677474976,14.6546669006348
"background",41,41,9.22083282470703,17.6180000305176,1.12000000476837,735,130,10,72.7634429931641,376,47,47,352,12.2589998245239,39.7761192321777,677.266418457031,27.6159992218018,-3.2039999961853,30.8199996948242,1.70866668224335,17.6180000305176
"background",42,42,5.95266675949097,13.5620002746582,-0.521999955177307,1969,328,26,65.5439987182617,936,137,147,883,9.75333309173584,37.4955139160156,579.7529296875,21.8719997406006,-4.1399998664856,26.011999130249,0.0893333777785301,13.1333332061768
"background",43,43,9.75983333587646,17.771333694458,1.82266664505005,1114,195,13,72.9769592285156,564,66,74,529,11.2896661758423,38.4682655334473,653.264038085938,27.0359992980957,-2.31200003623962,29.3479995727539,2.55933332443237,17.7693328857422
"background",44,44,5.80566692352295,13.485333442688,-1.13666665554047,1824,308,26,67.179069519043,884,125,136,824,10.4806671142578,37.9404373168945,601.516723632812,22.3439998626709,-5.28000020980835,27.6240005493164,-0.548666715621948,13.2560005187988
"background",45,45,8.2214994430542,16.5953330993652,0.395333290100098,893,148,16,62.6069259643555,429,77,77,387,13.2003335952759,41.3907318115234,664.933654785156,27.4600009918213,-4.43200016021729,31.8920021057129,0.952000021934509,16.5953330993652
"background",46,46,9.18166637420654,18.0046672821045,1.07599997520447,613,101,15,56.527961730957,286,67,69,244,14.6646671295166,42.9847183227539,695.470458984375,29.923999786377,-4.19199991226196,34.1160011291504,1.5660001039505,17.9080009460449
"background",47,47,9.51233291625977,16.1259994506836,3.91466665267944,2102,328,30,59.9722328186035,942,155,162,876,9.92800045013428,42.0464172363281,504.995788574219,24.0200004577637,0.407999992370605,23.6119995117188,4.24866676330566,15.78600025177
"background",48,48,11.6841669082642,18.8946666717529,5.35733318328857,1181,198,15,66.4751205444336,566,80,84,513,12.1849994659424,43.8309326171875,549.140075683594,28.9039993286133,1.10399997234344,27.7999992370605,5.73133325576782,18.3953323364258
"background",49,49,9.13399982452393,16.2826671600342,2.42133331298828,2213,368,30,66.9931259155273,1061,148,163,992,11.0286664962769,41.1026649475098,569.929260253906,25.3519992828369,-1.48000001907349,26.8319988250732,2.97933340072632,16.1940002441406
"background",50,50,6.28049993515015,15.1226663589478,-2.0566668510437,422,68,15,53.5348930358887,191,48,55,175,17.0056667327881,46.6829528808594,701.719604492188,27.7080001831055,-8.72000026702881,36.4280014038086,-1.64933335781097,14.7906665802002
"background",51,51,11.4593334197998,18.4853324890137,5.15399980545044,1146,186,16,63.1676330566406,533,85,85,488,11.7853336334229,43.4562454223633,544.137023925781,28.076000213623,0.955999970436096,27.1200008392334,5.4946665763855,18.4853324890137
"background",52,52,7.73899984359741,14.5260000228882,2.49200010299683,2376,387,30,64.071647644043,1106,162,174,1025,10.7453336715698,43.9374122619629,505.355804443359,23.1679992675781,-1.28799998760223,24.4559993743896,2.88533329963684,14.0113334655762
"background",53,53,10.0679998397827,16.9133338928223,4.23600006103516,1589,258,20,64.5582504272461,745,107,113,670,12.6579999923706,46.7360801696777,527.654968261719,27.003999710083,-0.0800000056624413,27.0839996337891,4.48600006103516,16.7266674041748
"background",54,54,9.3841667175293,15.543999671936,3.61466670036316,1711,280,27,64.2594604492188,802,123,132,751,11.4643335342407,46.2569923400879,489.217193603516,24.2040004730225,-0.580000042915344,24.7840003967285,4.0053334236145,15.3813333511353
"background",55,55,11.7123336791992,18.7593326568604,5.46533298492432,1244,202,15,64.4504928588867,584,86,89,523,12.4733333587646,44.7586250305176,543.486328125,28.7679996490479,0.899999976158142,27.8680000305176,5.79466676712036,18.457332611084
"background",56,56,4.9263334274292,12.5026664733887,-1.56666660308838,1867,308,27,63.350471496582,873,139,147,820,10.7306671142578,39.8021774291992,580.596252441406,21.3999996185303,-5.55999994277954,26.9599990844727,-0.889333307743073,12.1926670074463
"background",57,57,11.3159999847412,18.1679992675781,5.0019998550415,1060,189,12,70.93603515625,522,59,67,490,11.8393335342407,44.5221633911133,539.051391601562,27.5839996337891,0.991999983787537,26.5919990539551,5.36866664886475,17.9600009918213
"background",58,58,7.93916654586792,14.6059999465942,2.58266663551331,2390,383,33,61.667854309082,1093,174,184,1024,9.78699970245361,41.910758972168,500.732025146484,22.5279998779297,-0.824000000953674,23.3519992828369,3.05800008773804,14.1506671905518
"background",59,59,11.4263334274292,18.3640003204346,4.97466659545898,1080,183,16,63.9529190063477,509,78,82,471,11.1706666946411,42.9376792907715,549.458312988281,27.003999710083,0.987999975681305,26.015998840332,5.37066650390625,18.232666015625
"background",60,60,9.55633354187012,16.3933334350586,3.87933325767517,1714,275,23,62.7161064147949,791,122,127,717,12.4433336257935,46.4234199523926,523.594604492188,26.3759994506836,-0.428000003099442,26.8039989471436,4.12533330917358,16.1620006561279
"background",61,61,8.00133323669434,14.75,2.92333340644836,1916,318,26,65.3105621337891,905,131,139,831,12.3240003585815,47.0956916809082,502.439300537109,24.5839996337891,-1.58399999141693,26.1679992675781,3.18533325195312,14.3246660232544
"background",62,62,8.42733383178711,15.3579998016357,2.1966667175293,2492,402,36,63.4941139221191,1161,180,195,1086,10.7973337173462,41.8825950622559,539.614624023438,24.2600002288818,-1.51999998092651,25.7800006866455,2.81866669654846,15.0159997940063
"background",63,63,10.4134998321533,17.2633323669434,4.36133337020874,1712,270,24,60.6700820922852,773,128,128,715,10.683666229248,42.2747192382812,528.853576660156,25.7639999389648,0.492000013589859,25.2719993591309,4.69266653060913,16.9233322143555
"background",64,64,10.0314998626709,16.7479991912842,4.28866672515869,1978,306,26,60.4158821105957,886,144,145,815,10.6323337554932,42.8239631652832,514.452270507812,25.2719993591309,0.444000005722046,24.8279991149902,4.5460000038147,16.4246673583984
"background",65,65,10.9490003585815,17.8239994049072,4.72800016403198,1596,248,25,58.3982582092285,710,126,128,657,10.6379995346069,41.8423538208008,538.5078125,26.2919998168945,0.867999970912933,25.423999786377,5.07200002670288,17.6453323364258
"background",66,66,11.7093334197998,18.8066673278809,5.37333345413208,1312,228,14,70.7923355102539,649,77,83,589,12.2080001831055,44.3798141479492,545.081665039062,28.568000793457,1.06000006198883,27.5080013275146,5.83266639709473,18.3826675415039
"background",67,67,9.4156665802002,15.7080001831055,3.75866675376892,1991,310,34,60.8994483947754,919,162,171,845,11.025333404541,44.847599029541,493.747467041016,24.2840003967285,-0.300000011920929,24.5839996337891,4.1100001335144,15.5533332824707
"background",68,68,8.97083377838135,15.7426662445068,3.70333337783813,1807,298,23,65.3081588745117,852,120,128,776,12.414999961853,47.2628288269043,507.053466796875,25.6280002593994,-0.639999985694885,26.2679996490479,3.99199986457825,15.3633337020874
"background",69,69,4.82066679000854,12.2926664352417,-1.08733332157135,1429,244,24,66.9342727661133,690,104,108,640,13.2519998550415,45.8800735473633,558.843017578125,22.7080001831055,-6.17599964141846,28.8839988708496,-0.35466668009758,11.7673330307007
"background",70,70,5.96500015258789,14.4773330688477,-1.87133324146271,660,116,18,62.9598121643066,318,65,69,296,15.3459997177124,44.8084564208984,670.243469238281,26.2679996490479,-7.98000001907349,34.2480010986328,-1.25333333015442,14.3100004196167
"background",71,71,10.1946668624878,16.8700008392334,4.28333330154419,1811,278,24,60.0614738464355,809,133,133,739,10.8680000305176,43.1201400756836,517.684692382812,25.576000213623,0.372000008821487,25.2040004730225,4.58799982070923,16.8700008392334
"background",72,72,8.22466659545898,14.1546669006348,3.28999996185303,2450,389,41,62.9695281982422,1133,182,195,1057,10.3199996948242,46.0139122009277,450.771881103516,21.8680000305176,-0.560000002384186,22.42799949646,3.5993332862854,13.8000001907349
"background",73,73,10.5626668930054,17.2986660003662,4.63000011444092,1538,247,19,64.2863235473633,715,101,108,643,12.3186664581299,46.2204208374023,523.378051757812,27.1159992218018,0.464000016450882,26.6519985198975,4.90666675567627,17.1240005493164
"background",74,74,11.3330001831055,17.9986667633057,5.24666690826416,1326,217,15,67.2928314208984,630,78,82,571,12.5560007095337,46.1821403503418,522.137756347656,27.9600009918213,0.772000014781952,27.1880016326904,5.61800003051758,17.8053340911865
"background",75,75,9.98550033569336,16.5820007324219,3.80800008773804,2239,359,34,62.4480171203613,1034,168,179,967,10.7889995574951,42.7050361633301,522.198608398438,25.1639995574951,-0.100000001490116,25.2639999389648,4.46199989318848,16.3626670837402
"background",76,76,10.606333732605,17.4659996032715,4.53399991989136,1398,220,20,60.7309684753418,637,105,109,572,12.2946662902832,45.8072509765625,536.612976074219,27.2520008087158,0.412000000476837,26.8400001525879,4.83400011062622,17.3506660461426
"background",77,77,7.33266687393188,14.6746664047241,1.27999997138977,1905,316,25,65.1165618896484,900,131,140,832,12.2593336105347,44.2511329650879,557.966796875,24.6439990997314,-3.05999994277954,27.7039985656738,1.7186666727066,14.315333366394
"background",78,78,7.02983331680298,14.9440002441406,-0.1766666918993,1681,282,22,66.8602600097656,809,114,123,762,10.4903335571289,37.5835952758789,619.868530273438,23.7520008087158,-4.15999984741211,27.9120006561279,0.424666702747345,14.716667175293
"background",79,79,7.66816663742065,16.2220001220703,-0.708666682243347,999,184,11,77.8267211914062,528,56,64,496,12.2356662750244,38.1839561462402,690.262634277344,26.9400005340576,-5.10400009155273,32.0439987182617,0.176666632294655,16.1366672515869
"background",80,80,9.21983337402344,16.992000579834,2.16933345794678,1462,237,20,63.5915451049805,682,104,104,617,13.4583330154419,44.7477493286133,614.819213867188,28.0359992980957,-2.03999996185303,30.076000213623,2.54333329200745,16.992000579834
"background",81,81,11.3353328704834,18.2473335266113,5.08666658401489,1176,209,14,70.9258041381836,579,69,72,542,12.0059995651245,44.9393615722656,536.976745605469,27.8640003204346,1.14800000190735,26.7159996032715,5.48133325576782,17.9306659698486
"background",82,82,11.3979997634888,18.1639995574951,4.94533348083496,1106,174,20,59.5943183898926,503,90,94,466,10.8653335571289,42.575756072998,543.121032714844,26.3040008544922,0.783999979496002,25.5200004577637,5.36600017547607,18.0646667480469
"background",83,83,9.08049964904785,15.9086666107178,3.63533329963684,1995,325,26,64.2486114501953,931,136,143,850,12.1676664352417,46.1175956726074,514.062194824219,25.6480007171631,-0.736000001430511,26.3840007781982,3.83533334732056,15.546667098999
"background",84,84,10.4598331451416,17.0493335723877,4.48733329772949,1643,251,22,59.2576789855957,730,122,122,662,11.0763330459595,43.4638748168945,517.420471191406,25.931999206543,0.448000013828278,25.4839992523193,4.78399991989136,17.0493335723877
"background",85,85,6.97033357620239,14.2320003509521,1.19466662406921,1633,275,24,65.6707763671875,778,116,122,720,12.7493333816528,45.7687149047852,547.454833984375,24.4440002441406,-3.41199994087219,27.8560009002686,1.59866666793823,13.8780002593994
"background",86,86,9.65616703033447,15.8306665420532,3.94266653060913,1771,283,30,61.9682769775391,820,138,147,761,11.0656671524048,45.4554176330566,486.826904296875,24.1280002593994,-0.216000005602837,24.3439998626709,4.30800008773804,15.5553331375122
"background",87,87,11.5491666793823,18.4799995422363,5.31199979782104,1128,199,15,68.9541244506836,548,70,72,512,11.798999786377,44.3504753112793,537.523132324219,27.8839988708496,1.27999997138977,26.6039981842041,5.66866683959961,18.1633338928223
"background",88,88,11.7281665802002,18.7999992370605,5.4466667175293,1236,210,15,68.3289184570312,601,80,84,542,12.1330003738403,44.2680969238281,542.742492675781,28.568000793457,1.16000008583069,27.4080009460449,5.8493332862854,18.3893337249756
"background",89,89,8.39033317565918,14.6879997253418,3.12733316421509,2188,333,42,58.869743347168,990,184,195,906,10.4333333969116,44.2165336608887,481.220031738281,22.9039993286133,-0.692000031471252,23.5959987640381,3.39066672325134,14.4333333969116
"background",90,90,9.70766639709473,16.1226673126221,3.99066662788391,1739,288,25,65.7653121948242,822,117,126,771,11.2053337097168,45.1755104064941,496.303894042969,24.6760005950928,-0.128000006079674,24.8040008544922,4.33066654205322,15.7473335266113
"background",91,91,11.5749998092651,18.4546661376953,5.10666656494141,1162,189,19,60.7277870178223,534,90,93,492,10.6599998474121,41.8959274291992,549.671142578125,26.6919994354248,1.24800002574921,25.4440002441406,5.48733329772949,18.4013328552246
"background",92,92,6.70466661453247,14.0139999389648,0.812666594982147,1622,275,24,65.9958724975586,776,116,121,720,12.7186670303345,45.4108352661133,553.157104492188,24.1879997253418,-3.8199999332428,28.007999420166,1.28600001335144,13.6693334579468
"background",93,93,10.2683334350586,16.8446674346924,4.56266689300537,1733,276,22,62.8461227416992,797,122,123,724,11.3253335952759,44.7995758056641,505.906524658203,25.9360008239746,0.656000018119812,25.2800006866455,4.8899998664856,16.5486679077148
"background",94,94,9.36800003051758,16.1780014038086,3.33599996566772,2162,331,33,58.3792533874512,956,166,175,896,10.6040000915527,42.4431648254395,529.654296875,24.6520004272461,-0.331999987363815,24.984001159668,3.8253333568573,15.9193334579468
"background",95,95,11.3999996185303,18.3980007171631,4.94733333587646,1066,179,15,64.5026168823242,504,75,80,460,11.6619997024536,43.4954490661621,549.864440917969,27.6480007171631,0.836000025272369,26.8120002746582,5.32866668701172,18.1626663208008
"background",96,96,8.69266700744629,15.5959997177124,3.03466653823853,2240,358,26,63.455810546875,1035,149,162,959,10.3760004043579,42.4202766418457,521.477905273438,24.0200004577637,-0.439999997615814,24.4600009918213,3.43599987030029,15.1820001602173
"background",97,97,3.72016668319702,11.7953329086304,-3.27800011634827,1198,200,24,63.0779991149902,565,100,100,525,13.675666809082,43.5364379882812,621.010131835938,22.6000003814697,-8.8120002746582,31.4120006561279,-2.61133337020874,11.7953329086304
"background",98,98,9.72000026702881,16.96266746521,3.37800002098083,1466,237,20,62.8604164123535,681,106,109,613,13.0260000228882,45.8791198730469,565.214233398438,27.3840007781982,-1.00800001621246,28.3920001983643,3.64266657829285,16.8453330993652
"background",99,99,10.7678337097168,18.1713333129883,3.48866677284241,1592,255,22,62.3562889099121,733,115,121,687,10.2336664199829,38.3398284912109,601.78076171875,26.4759998321533,-0.215999990701675,26.6919994354248,4.1013331413269,18.1280002593994
"background",100,100,9.5629997253418,15.8033332824707,3.89000010490417,1917,301,32,61.5826721191406,890,155,163,820,10.8593330383301,44.7180595397949,490.993896484375,24.2679996490479,-0.0160000007599592,24.2840003967285,4.26399993896484,15.6260004043579
"background",101,101,11.4114999771118,18.2119998931885,5.03933334350586,1013,177,13,68.5697784423828,492,63,68,458,11.7950000762939,44.6171875,540.647094726562,27.3439998626709,0.907999992370605,26.4360008239746,5.40533351898193,18.0786666870117
"background",102,102,5.29466676712036,13.6673336029053,-2.48199987411499,800,137,19,62.9151382446289,382,73,77,355,14.8493337631226,44.2313041687012,664.392211914062,25.2560005187988,-8.31599998474121,33.5719985961914,-1.83333337306976,13.5886669158936
"background",103,103,7.65533351898193,14.3979997634888,1.91000008583069,2263,349,43,58.807201385498,1027,188,201,940,10.5,42.2229385375977,519.41943359375,22.931999206543,-1.93599998950958,24.8680000305176,2.27866673469543,14.1586666107178
"background",104,104,6.30900001525879,14.2473335266113,-0.931333303451538,1635,284,21,70.5787200927734,814,106,115,764,10.9166660308838,37.7373695373535,620.614685058594,23.8199996948242,-5.10799980163574,28.92799949646,-0.193333268165588,13.9973335266113
"background",105,105,8.98866653442383,16.3893337249756,2.49333333969116,1528,250,21,63.7580223083496,716,109,114,649,13.1833333969116,45.5288505554199,578.025634765625,27.011999130249,-1.94400000572205,28.9559993743896,2.7960000038147,16.2973327636719
"background",106,106,11.3906669616699,18.0873336791992,5.31666660308838,1347,221,14,68.1844100952148,645,77,81,586,12.5733327865601,46.1779518127441,522.451354980469,28.1040000915527,0.875999987125397,27.2280006408691,5.68466663360596,17.8600006103516
"background",107,107,10.2338333129883,16.5906677246094,4.22799968719482,1510,242,26,61.4408760070801,696,119,126,647,11.1123332977295,44.4280090332031,506.622680664062,25.0440006256104,0.0320000015199184,25.0120010375977,4.65399980545044,16.3920001983643
"background",108,108,8.88683319091797,17.7339992523193,0.772000014781952,348,54,13,51.2470741271973,158,45,48,140,16.2076663970947,45.5988807678223,695.984375,30.6200008392334,-4.92400026321411,35.544002532959,1.27600002288818,17.5893325805664
"background",109,109,5.99149990081787,13.7740001678467,-1.1066666841507,1839,300,25,62.8330345153809,855,134,143,804,10.4409999847412,37.7804336547852,610.236145019531,22.3999996185303,-5.23600006103516,27.6359996795654,-0.493999987840652,13.6100006103516
"background",110,110,6.59133338928223,14.0353336334229,-0.0786666870117188,2269,373,33,65.0183792114258,1075,161,174,1006,10.449333190918,38.712703704834,577.401245117188,22.9160003662109,-4.07600021362305,26.992000579834,0.573333323001862,13.6646671295166
"background",111,111,6.07783317565918,13.4506664276123,-0.0446666888892651,2013,338,27,65.7304992675781,957,140,149,893,11.8783330917358,43.2631607055664,560.745178222656,23.1319999694824,-4.32399988174438,27.4559993743896,0.501333355903625,13.0806665420532
"background",112,112,10.4263334274292,17.1146659851074,4.62666654586792,1688,267,22,62.2446441650391,773,122,123,703,11.4659996032715,44.3593330383301,513.322082519531,26.3439998626709,0.496000021696091,25.8479995727539,4.92466688156128,16.7953338623047
"background",113,113,9.57033348083496,15.8586664199829,3.85999989509583,1889,294,33,60.8505020141602,872,155,163,800,11.0193338394165,44.7358436584473,495.823577880859,24.4160003662109,-0.216000005602837,24.6319999694824,4.20333337783813,15.7346668243408
"background",114,114,11.2378330230713,18.1693325042725,4.89200019836426,1132,193,16,66.3103179931641,541,77,80,497,11.7363338470459,44.0619201660156,544.574462890625,27.3999996185303,0.763999998569489,26.6359996795654,5.24866676330566,17.986665725708
"background",115,115,7.75250005722046,16.0166664123535,0.00866667460650206,857,145,15,65.1260528564453,417,70,70,382,14.2823333740234,43.671516418457,657.440307617188,27.7240009307861,-4.98000001907349,32.7040023803711,0.541333377361298,16.0166664123535
"background",116,116,7.05566692352295,14.2266664505005,1.08666658401489,2342,380,30,63.4208106994629,1086,162,175,1018,9.88266658782959,39.7404975891113,543.806762695312,22.3640003204346,-2.50399994850159,24.8680000305176,1.51866662502289,13.8039999008179
"background",117,117,8.12100028991699,15.0326662063599,2.63466668128967,2069,339,27,64.3763961791992,968,142,150,891,11.9219999313354,45.4552383422852,520.411987304688,24.6639995574951,-1.56400001049042,26.2279987335205,2.98866653442383,14.6306667327881
"background",118,118,6.42566680908203,14.4259996414185,-1.05666661262512,1363,241,18,72.1307525634766,690,87,94,644,11.2166662216187,38.2039070129395,634.44287109375,23.9479999542236,-5.41200017929077,29.3600006103516,-0.35466668009758,14.25
"background",119,119,9.48050022125244,15.9066667556763,3.70600008964539,2235,355,35,61.8513031005859,1030,172,182,960,10.835000038147,43.9518089294434,502.426147460938,24.4799995422363,-0.172000005841255,24.6520004272461,4.07133340835571,15.6686668395996
"background",120,120,10.1126670837402,16.7233333587646,4.61533355712891,1718,276,21,64.5393981933594,800,114,119,723,12.1806669235229,46.7623863220215,503.524688720703,26.3920001983643,0.34400001168251,26.0480003356934,4.88533353805542,16.4433326721191
"background",121,121,10.1958332061768,16.7726669311523,3.95866680145264,2134,340,33,61.5046234130859,977,163,173,915,11.3023328781128,43.6923370361328,525.512390136719,25.6919994354248,-0.175999999046326,25.8680000305176,4.43200016021729,16.6079998016357
"background",122,122,8.80233383178711,16.0886669158936,2.28933334350586,1302,207,25,61.2800788879395,612,109,118,559,11.6446666717529,43.1092338562012,574.852172851562,25.2000007629395,-1.81200003623962,27.0120010375977,2.5460000038147,16.0553340911865
"background",123,123,10.2398338317871,17.0353336334229,4.38866662979126,1566,253,19,64.6851272583008,733,102,109,657,12.707667350769,46.8779220581055,526.115356445312,27.1520004272461,0.0439999997615814,27.1079998016357,4.67466688156128,16.8780002593994
"background",124,124,11.6758337020874,18.7399997711182,5.14666652679443,1086,184,16,66.218879699707,519,75,78,486,11.635666847229,43.7233810424805,558.7421875,27.6400012969971,1.02799999713898,26.6120014190674,5.50466680526733,18.6020011901855
"background",125,125,8.10949993133545,15.4619998931885,1.85466659069061,1924,317,22,65.7356033325195,913,125,137,843,11.9396667480469,43.4485702514648,565.289916992188,25.3360004425049,-2.14400005340576,27.4799995422363,2.25999999046326,15.2399997711182
"background",126,126,10.1921663284302,16.9893341064453,4.37466669082642,1719,270,23,61.3964881896973,782,124,128,705,12.2763338088989,45.8825454711914,524.132568359375,26.7880001068115,0.0320000015199184,26.7560005187988,4.60933351516724,16.7679996490479
"background",127,127,7.18200016021729,14.5846662521362,0.986666679382324,1831,305,25,65.3195266723633,867,127,135,803,12.4139995574951,44.1842269897461,565.613159179688,24.6800003051758,-3.41599988937378,28.0960006713867,1.45466661453247,14.2659997940063
"background",128,128,10.2150001525879,16.533332824707,4.22666645050049,1517,241,27,60.4631118774414,695,122,130,643,11.043999671936,44.3962059020996,503.812896728516,24.9160003662109,0.0399999991059303,24.8759994506836,4.63533306121826,16.3273334503174
"background",129,129,6.79833316802979,14.0080003738403,0.492000013589859,2397,392,35,64.1914596557617,1127,172,188,1056,10.3746671676636,39.6949310302734,554.625183105469,22.7199993133545,-3.41599988937378,26.1359996795654,1.08733332157135,13.5946664810181
"background",130,130,9.64266681671143,16.529333114624,3.93666648864746,1669,269,22,63.0607757568359,773,117,124,700,12.4806661605835,46.3896331787109,526.549987792969,26.5399990081787,-0.363999992609024,26.9039993286133,4.17933320999146,16.2893333435059
"background",131,131,6.22483348846436,14.1153335571289,-0.826666712760925,1956,325,26,66.3837814331055,936,132,145,878,10.5043334960938,37.3500671386719,611.221740722656,23.2800006866455,-4.8439998626709,28.1240005493164,-0.14133332669735,13.757999420166
"background",132,132,10.0768337249756,16.4406661987305,4.28866672515869,1649,255,30,59.9630546569824,758,140,146,692,11.2569999694824,45.245174407959,501.165130615234,25.0440006256104,0.164000004529953,24.8800010681152,4.66733360290527,16.3080005645752
"background",133,133,8.41333293914795,15.6520004272461,2.06933331489563,1382,218,28,60.6269798278809,646,117,126,587,11.2620000839233,42.6720199584961,565.268981933594,24.5480003356934,-1.84399998188019,26.3920001983643,2.35333323478699,15.5426664352417
"background",134,134,10.1686668395996,17.054666519165,4.12333345413208,1606,252,22,60.9544830322266,729,118,121,655,12.4899997711182,45.898868560791,538.027465820312,27.0639991760254,-0.148000001907349,27.2119998931885,4.38666677474976,16.9479999542236
"background",135,135,11.5116672515869,18.2360000610352,5.24933338165283,997,175,12,68.7859039306641,485,60,66,450,11.8413333892822,45.1064071655273,533.984680175781,27.423999786377,1.17200005054474,26.2519989013672,5.59666681289673,18.1106662750244
"background",136,136,6.32250022888184,14.2720003128052,-0.857333302497864,1755,297,23,68.1318359375,854,116,127,801,10.7383337020874,37.4262275695801,618.509582519531,23.7240009307861,-4.96799993515015,28.6920013427734,-0.151333287358284,13.9546670913696
"background",137,137,9.99966621398926,16.53733253479,4.31733322143555,1937,301,27,59.7684783935547,866,143,147,802,10.0013332366943,42.3857154846191,504.727172851562,24.4559993743896,0.860000014305115,23.5959987640381,4.6560001373291,16.2746658325195
"background",138,138,4.21433305740356,12.1626663208008,-2.22399997711182,1856,310,28,64.6190872192383,879,141,143,821,12.1406669616699,42.0849494934082,595.207946777344,22.0799999237061,-6.76800012588501,28.8479995727539,-1.58533334732056,11.5879993438721
"background",139,139,6.97483348846436,14.9320001602173,-0.241999983787537,1117,189,16,65.8373718261719,541,84,88,507,11.125,39.0625,622.230773925781,24.2280006408691,-4.2519998550415,28.4799995422363,0.418666630983353,14.742000579834
"background",140,140,5.1725001335144,12.4540004730225,-0.875333309173584,2334,381,38,63.1156539916992,1094,175,188,1017,9.5396671295166,37.8798713684082,552.055419921875,20.4440002441406,-4.73999977111816,25.1840000152588,-0.398000001907349,12.0240001678467
"background",141,141,10.1326665878296,16.2040004730225,4.54133319854736,1632,256,27,62.2942771911621,754,124,134,697,10.8013334274292,45.6986503601074,480.564605712891,24.2119998931885,0.575999975204468,23.6359996795654,4.86333322525024,16.0319995880127
"background",142,142,11.2693328857422,18.0939998626709,4.6526665687561,1638,248,28,56.4575080871582,716,135,140,666,11.1453332901001,42.3454933166504,549.376159667969,26.931999206543,0.611999988555908,26.3199996948242,5.21866655349731,17.9753322601318
"background",143,143,9.42599964141846,15.529333114624,4.01399993896484,1942,307,32,63.2702178955078,905,146,156,839,10.7533330917358,45.8290710449219,475.127471923828,23.5559997558594,0.0920000001788139,23.4640007019043,4.34066677093506,15.2959995269775
"background",144,144,11.4321670532227,18.3613338470459,5.04733324050903,1382,217,23,58.5099182128906,619,109,113,571,10.7896671295166,42.1866874694824,547.868041992188,26.7919998168945,1.21599996089935,25.576000213623,5.40799999237061,18.242000579834
"background",145,145,7.73666667938232,16.0633335113525,-0.154666662216187,898,162,11,75.4740676879883,468,54,59,437,11.7153329849243,38.2854042053223,664.042175292969,26.2600002288818,-4.34000015258789,30.6000003814697,0.545333325862885,15.9640007019043
"background",146,146,11.667332649231,18.9013328552246,5.33533334732056,1185,201,15,67.1878128051758,571,78,83,520,12.1433324813843,43.7692222595215,550.316040039062,28.8599987030029,1.11600005626678,27.7439994812012,5.72533321380615,18.3906669616699
"background",147,147,9.79749965667725,16.3526668548584,3.76199984550476,2287,365,35,61.9458427429199,1051,172,185,983,11.0676670074463,43.5734901428223,516.119140625,25.1280002593994,-0.272000014781952,25.3999996185303,4.29466676712036,16.1046657562256
"background",148,148,11.5120000839233,18.4626655578613,5.01599979400635,1126,186,17,62.4112396240234,524,84,87,479,11.3613328933716,43.1072006225586,552.429321289062,27.3559989929199,1,26.3559989929199,5.41599988937378,18.3673324584961
"background",149,149,6.20599985122681,13.5046663284302,-0.0833332538604736,2254,368,36,63.7483139038086,1063,166,180,986,10.2360000610352,39.3027191162109,561.208862304688,22.0240001678467,-4.01999998092651,26.0440006256104,0.39066669344902,13.2026662826538
"background",150,150,10.9966669082642,17.7819995880127,4.65733337402344,1800,274,30,57.1318778991699,791,146,152,737,11.5139999389648,43.5279006958008,538.735534667969,26.9440002441406,0.492000013589859,26.4519996643066,5.08933353424072,17.6186676025391
"background",151,151,6.43366670608521,13.6300001144409,0.579333364963531,2425,397,31,63.7496681213379,1129,168,182,1059,9.95133304595947,40.0230598449707,540.997314453125,21.8400001525879,-3.0239999294281,24.8640003204346,1.04266667366028,13.1400003433228
"background",152,152,9.65299987792969,16.3026676177979,4.23533344268799,1795,291,22,64.7426834106445,839,119,125,760,12.3473329544067,47.2570915222168,504.426208496094,26.1240005493164,-0.00400000018998981,26.1280002593994,4.5,16.0100002288818
"background",153,153,11.349666595459,18.2466659545898,4.87733316421509,1069,181,16,64.3612594604492,505,76,80,470,11.2166662216187,43.2675018310547,548.51806640625,26.8799991607666,0.955999970436096,25.923999786377,5.29466676712036,18.1426658630371
"background",154,154,5.97616672515869,13.6280002593994,-0.875999927520752,1926,312,26,62.0092239379883,888,142,151,837,10.0203332901001,37.5800094604492,595.099304199219,21.8680000305176,-4.7960000038147,26.6639995574951,-0.25533327460289,13.3819999694824
"background",155,155,11.6785001754761,18.4206657409668,5.55800008773804,1290,212,14,68.0083084106445,616,74,77,560,12.7329998016357,46.2883529663086,526.009948730469,28.5559997558594,1.04799997806549,27.507999420166,5.93599987030029,18.1919994354248
"background",156,156,8.22383308410645,15.688666343689,1.50533330440521,1986,323,23,64.6945190429688,933,130,143,869,10.7416667938232,39.925910949707,584.436828613281,24.5599994659424,-2.34400010108948,26.9039993286133,1.92333340644836,15.5266666412354
"background",157,157,10.206000328064,16.5499992370605,4.35066652297974,1367,220,24,62.5369262695312,644,114,114,582,11.268666267395,45.2266273498535,502.794586181641,25.1919994354248,0.276000022888184,24.9160003662109,4.6399998664856,16.4200000762939
"background",158,158,7.1894998550415,14.8926668167114,0.127333283424377,2059,342,27,66.3687210083008,986,141,154,924,10.9716672897339,38.7089576721191,602.903503417969,24.3199996948242,-4.02400016784668,28.3439998626709,0.785333335399628,14.5686664581299
"background",159,159,7.01666688919067,14.4700002670288,0.599999964237213,2075,341,25,64.7771987915039,978,141,154,912,10.6946668624878,40.3694190979004,572.2431640625,23.4079990386963,-3.08400011062622,26.4919986724854,1.08266663551331,14.1626663208008
"background",160,160,11.1411666870117,17.9053344726562,4.99399995803833,1339,212,18,61.8679351806641,614,99,99,554,11.7516670227051,44.1791954040527,528.615295410156,27.4120006561279,0.811999976634979,26.6000003814697,5.36066675186157,17.9053344726562
"background",161,161,7.49683332443237,14.8413333892822,1.4300000667572,1729,289,24,65.3977432250977,822,123,128,758,12.4890003204346,44.7827033996582,559.639404296875,25.003999710083,-2.8840000629425,27.8880004882812,1.84866666793823,14.5620002746582
"background",162,162,11.5321664810181,18.3826675415039,5.15000009536743,1175,192,19,61.3038330078125,543,91,93,498,10.7643337249756,42.2528381347656,544.242492675781,26.7520008087158,1.27600002288818,25.476001739502,5.51399993896484,18.288667678833
"background",163,163,11.0413331985474,17.8586654663086,4.89666652679443,1211,215,14,70.7047271728516,593,68,76,557,11.8673334121704,44.7959136962891,529.436706542969,27.3799991607666,0.888000011444092,26.4919986724854,5.25133323669434,17.533332824707
"background",164,164,9.39599990844727,18.1813335418701,1.25,494,85,14,57.0321617126465,234,60,60,194,15.2580003738403,43.8700408935547,696.435363769531,30.7000007629395,-4.07999992370605,34.7799987792969,1.79733335971832,18.1733341217041
"background",165,165,6.85183334350586,15.1073331832886,-1.08799993991852,1246,222,15,73.3488693237305,636,76,82,595,11.6576662063599,38.1618003845215,662.965270996094,25.0319995880127,-5.51599979400635,30.5480003356934,-0.312000006437302,15
"background",166,166,11.7598333358765,18.7946662902832,5.46133327484131,1255,218,15,69.606330871582,616,77,82,561,12.1316661834717,44.5296821594238,543.119812011719,28.4440002441406,1.20000004768372,27.2439994812012,5.85400009155273,18.4300003051758
"background",167,167,8.8546667098999,17.2859992980957,0.754000008106232,770,134,11,71.0923843383789,389,52,56,364,12.3299999237061,39.7844619750977,678.408264160156,27.4039993286133,-3.58800005912781,30.9919986724854,1.34599995613098,17.2479991912842
"background",168,168,3.70199990272522,11.5979995727539,-3.10933327674866,1787,302,28,64.9365921020508,853,132,139,796,9.49066638946533,35.3759765625,603.180908203125,19.7759990692139,-7.05200004577637,26.8279991149902,-2.41266679763794,11.1659994125366
"background",169,169,10.9906663894653,17.6526660919189,4.85333347320557,1211,214,14,71.9927368164062,596,65,72,567,11.75,45.032958984375,523.214172363281,26.8120002746582,0.719999969005585,26.0920009613037,5.20800018310547,17.4253330230713
"background",170,170,6.75683355331421,14.5566663742065,-0.433333277702332,1306,218,19,64.0794219970703,623,100,106,579,11.1916666030884,39.2084732055664,616.064147949219,23.8400001525879,-4.7039999961853,28.5440006256104,0.224000051617622,14.4799995422363
"background",171,171,8.28866672515869,15.0346660614014,2.2960000038147,2523,407,38,63.2905311584473,1176,184,201,1098,10.5019998550415,41.7010803222656,525.444519042969,23.6599998474121,-1.52400004863739,25.1840000152588,2.72000002861023,14.8026666641235
"background",172,172,4.4980001449585,12.1353330612183,-1.64800000190735,2049,340,30,63.9189949035645,962,153,158,898,11.8240003585815,42.4956855773926,572.126037597656,21.7000007629395,-6.12400007247925,27.8240013122559,-1.04466664791107,11.5799999237061
"background",173,173,9.75333309173584,17.6846656799316,1.84066677093506,1183,205,13,71.9612350463867,593,70,70,556,11.0299997329712,38.181941986084,648.205200195312,26.7119998931885,-2.17600011825562,28.8880004882812,2.58333325386047,17.6846656799316
"background",174,174,9.21700000762939,15.9633331298828,3.93933343887329,1804,296,22,65.2713928222656,849,119,126,772,12.3786668777466,47.2540321350098,505.508636474609,25.8080005645752,-0.388000011444092,26.1960010528564,4.22866678237915,15.5839996337891
"background",175,175,10.6351671218872,17.3946666717529,4.32333326339722,1962,298,32,57.0996284484863,860,158,165,803,11.4743337631226,43.4765586853027,535.907653808594,26.5399990081787,0.148000001907349,26.3919982910156,4.76933336257935,17.195333480835
"background",176,176,0.354499936103821,7.71799993515015,-4.67733335494995,2340,378,40,60.5345306396484,1069,193,193,1005,9.32433319091797,38.606876373291,522.35986328125,15.7360000610352,-8.41600036621094,24.1520004272461,-3.99000000953674,7.71799993515015
"background",177,177,4.43816661834717,12.5053329467773,-2.69199991226196,1467,257,24,67.8497695922852,722,107,113,671,9.5736665725708,35.2335739135742,621.69580078125,20.6959991455078,-6.47599983215332,27.1719989776611,-1.98866665363312,12.0706663131714
"background",178,178,8.26466655731201,15.7439994812012,1.68599998950958,2014,331,21,66.5074996948242,959,124,140,888,11.3559999465942,41.639778137207,581.038330078125,25.2560005187988,-2.01600003242493,27.2720012664795,2.10533332824707,15.5633335113525
"background",179,179,7.35216665267944,14.2266664505005,1.47733330726624,2056,322,41,59.7124671936035,946,171,184,861,10.4276666641235,41.5842514038086,530.669128417969,22.7880001068115,-2.28800010681152,25.076000213623,1.77333331108093,14.0286664962769
"background",180,180,8.74183368682861,14.7933330535889,3.44199991226196,2047,333,32,63.782096862793,955,148,159,894,10.8590002059937,45.9893264770508,467.071228027344,23.0799999237061,-0.532000005245209,23.6119995117188,3.8199999332428,14.4626665115356
"background",181,181,6.09200000762939,13.4413328170776,0.257333278656006,1524,257,22,67.1329727172852,731,103,108,674,13.3306665420532,46.4547920227051,553.320861816406,24.007999420166,-4.68800020217896,28.6959991455078,0.787333309650421,12.9946660995483
"background",182,182,2.73233318328857,10.0033330917358,-2.9706666469574,2287,370,35,60.9039115905762,1046,181,185,987,9.23266696929932,37.9258422851562,536.546508789062,17.8519992828369,-6.49200010299683,24.3439998626709,-2.28333330154419,9.30533313751221
"background",183,183,10.3994998931885,17.1040000915527,4.51866674423218,1872,287,24,60.2343406677246,836,134,136,768,10.631667137146,42.7868118286133,519.448425292969,25.5279998779297,0.680000007152557,24.8479995727539,4.82933330535889,16.8593330383301
"background",184,184,10.2335004806519,17.0279998779297,4.35133361816406,1581,256,19,64.9068374633789,742,104,110,666,12.6563339233398,46.702335357666,526.166625976562,27.0920009613037,-0.00799999851733446,27.1000003814697,4.63399982452393,16.8606662750244
"background",185,185,9.19166660308838,15.7573328018188,3.38266682624817,1829,275,35,57.354377746582,821,159,168,749,11.1426668167114,44.0770072937012,513.074523925781,24.4879989624023,-0.791999995708466,25.2799987792969,3.68733334541321,15.5913333892822
"background",186,186,2.44749999046326,10.4180002212524,-3.70799994468689,2020,335,35,62.6917152404785,946,164,164,887,9.22433376312256,35.0841827392578,584.966796875,18.3999996185303,-7.89200019836426,26.2919998168945,-3.15400004386902,10.4180002212524
"background",187,187,11.7136669158936,18.6726665496826,5.18266677856445,1094,181,17,61.4736328125,507,85,87,464,11.1319999694824,42.6382751464844,555.9072265625,27.2719993591309,1.16400003433228,26.1079998016357,5.52266693115234,18.6219997406006
"background",188,188,9.86199951171875,16.6719989776611,3.95533347129822,2145,326,33,57.9650840759277,944,166,171,881,10.8699998855591,43.1349182128906,525.471252441406,25.3120002746582,0.112000003457069,25.2000007629395,4.28333330154419,16.3939990997314
"background",189,189,10.9829998016357,17.8446674346924,4.33800029754639,1761,265,29,56.3644142150879,767,143,150,715,11.0659999847412,41.929370880127,551.838745117188,26.6520004272461,0.259999990463257,26.3920001983643,4.90733337402344,17.6919994354248
"background",190,190,10.6105003356934,19.3126678466797,2.19333338737488,620,114,7,77.3235855102539,329,36,36,308,12.4343338012695,39.4140167236328,701.767211914062,29.3439998626709,-2.2039999961853,31.5480003356934,2.82133340835571,19.3126678466797
"background",191,191,8.28216648101807,16.304666519165,0.770000040531158,833,139,14,63.8190803527832,401,67,67,370,12.3183326721191,41.2039527893066,638.698547363281,26.2439994812012,-3.65199995040894,29.8959999084473,1.35066664218903,16.304666519165
"background",192,192,6.41083335876465,13.82200050354,0.232666656374931,1958,328,26,65.4494934082031,931,137,147,869,11.6243333816528,42.7868576049805,564.056457519531,23.3640003204346,-3.80399990081787,27.1679992675781,0.706666707992554,13.4980001449585
"background",193,193,5.50600004196167,12.8800001144409,-0.324666619300842,1501,253,23,66.5972442626953,719,104,109,664,13.3173332214355,46.272876739502,554.497253417969,23.3719997406006,-5.40799999237061,28.7799987792969,0.178000047802925,12.4139995574951
"background",194,194,8.80816650390625,15.8020000457764,3.11266660690308,1718,282,24,64.1212463378906,805,121,126,734,12.5609998703003,46.3573989868164,532.283569335938,25.931999206543,-1.16400003433228,27.0959987640381,3.42199993133545,15.546667098999
"background",195,195,11.6031665802002,18.5726661682129,5.08466672897339,1051,178,16,62.8155326843262,493,79,84,454,11.2656669616699,42.9004821777344,554.183654785156,27.2639999389648,1.00399994850159,26.2600002288818,5.47200012207031,18.474666595459
"background",196,196,7.44233322143555,15.5,-0.14266662299633,1484,258,17,71.8557510375977,743,91,101,699,11.4126663208008,38.1796684265137,638.725219726562,25.5279998779297,-4.36399984359741,29.8920001983643,0.614000022411346,15.2953329086304
"background",197,197,10.3693332672119,17.3926658630371,3.96599984169006,1640,259,22,60.4874153137207,739,119,119,662,12.5173330307007,45.2019844055176,557.353088378906,27.5599994659424,-0.131999999284744,27.6919994354248,4.23600006103516,17.3926658630371
"background",198,198,11.4566669464111,18.3979988098145,5.11066675186157,1148,184,16,62.263542175293,530,86,86,483,11.7419996261597,43.5340347290039,543.821533203125,27.8400001525879,0.867999970912933,26.9720001220703,5.46000003814697,18.3979988098145
"background",199,199,5.88483333587646,13.4986667633057,-0.52866667509079,1632,277,24,65.8274841308594,781,119,124,728,12.9623336791992,44.2038383483887,582.240051269531,23.8199996948242,-5.50400018692017,29.3239994049072,0.00533334398642182,13.1813335418701
"background",200,200,9.65933322906494,16.0906658172607,3.89733338356018,1719,281,26,63.8439750671387,801,122,130,751,11.0493335723877,44.6545944213867,498.988067626953,24.57200050354,-0.172000005841255,24.7440013885498,4.27266645431519,15.7399997711182
"background",201,201,6.13533353805542,14.9326667785645,-2.12066674232483,465,77,16,56.5503845214844,215,51,58,198,16.2333335876465,45.6505432128906,694.749206542969,27.0480003356934,-8.51200008392334,35.560001373291,-1.62933337688446,14.5813331604004
"background",202,202,5.45900011062622,12.9766664505005,-1.09066665172577,1689,286,29,65.2763519287109,814,127,137,751,9.52999973297119,36.9895973205566,581.2998046875,21,-4.76399993896484,25.7639999389648,-0.552000045776367,12.6599998474121
"background",203,203,7.05999994277954,13.5386667251587,1.80533337593079,2423,372,48,58.5663871765137,1097,205,218,1004,9.70866680145264,41.6895713806152,490.094604492188,21.511999130249,-1.77600002288818,23.2879981994629,2.12733340263367,13.1919994354248
"background",204,204,4.86750030517578,12.9726667404175,-2.46666669845581,1361,240,21,69.7014999389648,679,95,99,632,10.3023338317871,36.1790046691895,634.846069335938,21.7520008087158,-6.72399997711182,28.476001739502,-1.77933323383331,12.7686672210693
"background",205,205,9.06366634368896,16.4726676940918,2.68266677856445,1379,228,19,64.7820739746094,653,97,102,590,13.4873332977295,46.0821838378906,574.129821777344,27.3320007324219,-1.93599998950958,29.2680015563965,2.98600006103516,16.3266658782959
"background",206,206,8.17450046539307,14.6579999923706,2.65733337402344,2050,310,43,56.7076263427734,919,183,194,834,10.4016666412354,42.8475341796875,500.426147460938,23.007999420166,-1.26800000667572,24.2759990692139,2.88266658782959,14.466667175293
"background",207,207,9.11750030517578,16.6426658630371,2.44600009918213,1749,283,22,63.580322265625,814,122,125,740,12.6483335494995,44.089282989502,589.173034667969,27.0919990539551,-1.59599995613098,28.6879997253418,2.76266670227051,16.5533332824707
"background",208,208,7.4723334312439,14.4166660308838,2.27400016784668,1886,316,24,67.6385192871094,903,117,126,828,12.4340000152588,46.9278373718262,513.367004394531,24.3159999847412,-2.1800000667572,26.496000289917,2.66200017929077,13.8846664428711
"background",209,209,7.36933326721191,14.7666664123535,0.912000000476837,2072,338,25,64.2203369140625,970,140,153,907,10.4273338317871,39.6657524108887,571.670715332031,23.3439998626709,-2.94400000572205,26.2880001068115,1.36066663265228,14.510666847229
"background",210,210,5.87766647338867,14.0726671218872,-1.81733334064484,1140,206,16,72.7988739013672,584,75,79,544,11.1079998016357,37.5371704101562,650.826232910156,23.568000793457,-6.02400016784668,29.5920009613037,-1.00866675376892,13.9146671295166
"background",211,211,5.09450006484985,12.6360006332397,-1.19799995422363,1568,262,24,63.714672088623,742,121,126,697,10.0976667404175,38.7061729431152,571.540405273438,21.1079998016357,-4.98000001907349,26.0879993438721,-0.519999980926514,12.2620000839233
"background",212,212,5.59383344650269,12.9733333587646,-0.264666646718979,1489,253,23,66.5533294677734,716,106,111,662,13.3129997253418,46.2449645996094,554.813842773438,23.4440002441406,-5.3439998626709,28.7880001068115,0.307333379983902,12.517333984375
"background",213,213,4.65750026702881,12.0673332214355,-1.45133328437805,1730,292,25,64.7070617675781,823,130,136,778,9.82766723632812,38.5338249206543,559.476135253906,20.3400001525879,-5.16400003433228,25.503999710083,-0.821333289146423,11.6393337249756
"background",214,214,6.46666669845581,13.5440006256104,0.789333343505859,2498,408,32,63.6644744873047,1161,173,187,1088,10.0173330307007,40.9539375305176,529.408447265625,21.7080001831055,-2.75200009346008,24.4600009918213,1.26599991321564,13.0033330917358
"background",215,215,11.1704998016357,17.8920001983643,5.32933330535889,1489,244,16,67.8759536743164,711,85,92,644,12.7763328552246,47.0825958251953,517.074523925781,28.0839996337891,0.948000013828278,27.1359996795654,5.62466669082642,17.6313323974609
"background",216,216,10.0108337402344,15.9826669692993,4.53466653823853,1704,269,28,62.6638145446777,785,124,139,731,10.7783336639404,46.1401252746582,471.06689453125,23.9440002441406,0.583999991416931,23.3600006103516,4.88933324813843,15.7660007476807
"background",217,217,10.8281669616699,17.4946670532227,4.41666698455811,1412,222,24,59.5121231079102,639,114,121,596,11.3083333969116,43.2606468200684,536.531616210938,26.1560001373291,0.0160000007599592,26.1399993896484,4.81733322143555,17.3920001983643
"background",218,218,5.91883325576782,12.5426664352417,0.589999973773956,2580,414,45,61.7306747436523,1197,202,215,1108,9.42566680908203,40.21875,497.953674316406,20.3600006103516,-3.07599997520447,23.4360008239746,0.991333365440369,12.1339998245239
"background",219,219,11.5190000534058,18.5359992980957,5.24133348464966,1119,195,15,68.104850769043,541,71,74,504,11.8533334732056,44.0644340515137,542.052856445312,28.1000003814697,1.20000004768372,26.8999996185303,5.59266662597656,18.1919994354248
"background",220,220,6.08249998092651,13.3800001144409,-0.24200002849102,1747,292,30,64.7892837524414,838,130,143,772,9.97433280944824,38.8287658691406,563.985534667969,21.6679992675781,-4.01999998092651,25.6879997253418,0.189333334565163,13.1059999465942
"background",221,221,5.29899978637695,13.5033330917358,-2.19266676902771,475,74,17,52.3388824462891,212,54,62,193,15.8273334503174,46.8098106384277,646.503845214844,25.3519992828369,-8.46000003814697,33.8120002746582,-1.72466671466827,13.3120002746582
"background",222,222,8.60583305358887,15.3853330612183,2.96066665649414,2260,354,31,60.3888854980469,1018,165,175,954,10.3583335876465,42.5009574890137,516.519287109375,23.7199993133545,-0.65200001001358,24.3719997406006,3.34266662597656,15.0346670150757
"background",223,223,10.5098333358765,17.2819995880127,4.42799997329712,1807,277,23,59.6508140563965,805,129,129,728,11.4569997787476,44.0857315063477,530.060546875,26.4479999542236,0.46000000834465,25.988000869751,4.82666683197021,17.2819995880127
"background",224,224,11.3278331756592,18.2139987945557,4.92333316802979,1204,198,19,61.635929107666,557,92,96,514,10.8223333358765,42.2153739929199,546.239074707031,26.6240005493164,0.98800003528595,25.6359996795654,5.28800010681152,18.0960006713867
"background",225,225,9.80533313751221,16.4266662597656,4.43333339691162,1844,305,22,66.9135360717773,876,113,122,795,12.3493337631226,47.5120544433594,499.141876220703,26.2679996490479,0.275999993085861,25.992000579834,4.71000003814697,16.1146659851074
"background",226,226,9.41483306884766,16.3920001983643,3.08733344078064,1921,297,27,59.7581977844238,859,141,146,804,10.8596668243408,42.3345832824707,549.571960449219,25.0559997558594,-0.596000015735626,25.6520004272461,3.5460000038147,16.242000579834
"background",227,227,9.28549957275391,17.8053340911865,1.22266662120819,613,101,11,62.7325401306152,295,53,53,270,13.5196666717529,42.3442344665527,678.766784667969,28.4559993743896,-3.47200012207031,31.92799949646,1.72599995136261,17.8053340911865
"background",228,228,8.93983364105225,15.7233333587646,3.41000008583069,2030,328,26,63.4918365478516,941,140,146,860,11.8316669464111,45.6539077758789,514.012817382812,25.2679996490479,-0.648000001907349,25.9160003662109,3.74733328819275,15.3833332061768
"background",229,229,8.23616695404053,15.3833332061768,1.94266664981842,1983,316,26,62.1799087524414,910,139,148,852,10.4316663742065,40.8828430175781,555.110961914062,23.8600006103516,-1.65600001811981,25.5160007476807,2.40866661071777,15.1373338699341
"background",230,230,6.76600027084351,14.3213338851929,0.0119999647140503,1915,313,24,63.6112976074219,895,134,146,838,10.6840000152588,39.3083152770996,589.282531738281,23.1480007171631,-4.03200006484985,27.1800003051758,0.529999971389771,14.1326665878296
"background",231,231,7.12316656112671,15.2426662445068,-0.315333336591721,1009,174,17,67.2138977050781,495,78,81,460,13.940333366394,43.7659606933594,642.99951171875,26.6919994354248,-5.15999984741211,31.8519992828369,0.216666698455811,15.2386665344238
"background",232,232,2.31533336639404,10.4833335876465,-4.41333341598511,1463,241,28,62.2914848327637,683,121,121,637,12.7173337936401,41.9437103271484,608.852600097656,20.8360004425049,-9.48400020599365,30.3199996948242,-3.70066666603088,10.4833335876465
"background",233,233,10.8255004882812,17.8946666717529,4.64333343505859,1586,248,22,60.7343788146973,716,118,118,657,11.2836666107178,42.7541160583496,541.848022460938,26.8920001983643,0.5,26.3920001983643,4.93066644668579,17.8946666717529
"background",234,234,6.26799964904785,15.1266670227051,-2.05800008773804,444,73,16,55.4167366027832,204,51,57,187,16.7453327178955,46.2424964904785,701.347290039062,27.5799999237061,-8.63199996948242,36.2119979858398,-1.60466659069061,14.789999961853
"background",235,235,4.39266681671143,11.960000038147,-1.75933337211609,1413,240,23,67.0077667236328,682,102,105,632,13.3473329544067,45.6163139343262,570.5615234375,22.431999206543,-6.82800006866455,29.2599983215332,-1.10200011730194,11.4833335876465
"background",236,236,9.45600032806396,16.1486663818359,3.19066667556763,2482,400,37,63.1418113708496,1150,181,196,1079,11.0799999237061,42.9324264526367,531.221313476562,25.0399990081787,-0.76800000667572,25.8079986572266,3.76200008392334,15.9433326721191
"background",237,237,12.0193328857422,19.3066673278809,5.34200000762939,1274,197,23,56.9114112854004,565,107,111,522,11.1513328552246,41.9160041809082,574.895568847656,27.9559993743896,1.35199999809265,26.6040000915527,5.67466688156128,19.1606674194336
"background",238,238,10.4235000610352,16.9713325500488,4.28733348846436,1389,239,18,69.6540069580078,675,84,91,637,11.2476663589478,44.4150466918945,518.874328613281,25.6440010070801,0.319999992847443,25.3240013122559,4.6473331451416,16.775333404541
"background",239,239,8,16.7393341064453,0.0173332691192627,336,54,13,53.7432441711426,155,41,46,143,16.6473331451416,47.015739440918,685.373046875,29.3680000305176,-6.03999996185303,35.4080009460449,0.423333168029785,16.5046672821045
"background",240,240,9.19316673278809,15.3353328704834,3.55733323097229,1835,302,28,64.9651794433594,863,129,139,810,11.335000038147,46.3031044006348,482.252777099609,23.9039993286133,-0.576000034809113,24.4799995422363,3.95199990272522,15.0926666259766
"background",241,241,9.30266666412354,15.6113328933716,3.62933349609375,1816,296,28,63.649585723877,846,131,141,794,10.9099998474121,44.8454475402832,490.743377685547,23.9599990844727,-0.368000000715256,24.3279991149902,4.01666688919067,15.2893333435059
"background",242,242,8.14000034332275,15.6686668395996,1.45666658878326,1939,319,21,66.4856719970703,925,121,136,856,11.5133333206177,41.6666679382324,587.577941894531,25.3719997406006,-2.25999999046326,27.6319999694824,1.86266660690308,15.5346660614014
"background",243,243,6.8473334312439,14.1973333358765,0.514000058174133,2197,354,29,62.4970207214355,1012,156,169,954,9.98333358764648,38.9304847717285,563.272766113281,22.423999786377,-3.22000002861023,25.6439990997314,1.06800007820129,13.7846670150757
"background",244,244,11.7608337402344,18.8073329925537,5.47733306884766,1246,208,15,67.5141067504883,601,81,85,539,12.2170000076294,44.5485725402832,543.308044433594,28.5919990539551,1.16799998283386,27.423999786377,5.87266683578491,18.466667175293
"background",245,245,4.69500017166138,12.5193328857422,-1.59533333778381,2706,438,45,62.1251411437988,1253,206,217,1171,9.86800003051758,37.2771224975586,585.640258789062,21.1159992218018,-5.35599994659424,26.4720001220703,-1.07666659355164,12.0460004806519
"background",246,246,11.268666267395,18.0300006866455,5.15866661071777,1314,212,16,64.6461639404297,612,85,87,552,12.5266666412354,45.9660453796387,528.066162109375,27.92799949646,0.675999999046326,27.2519989013672,5.50799989700317,17.8406658172607
"background",247,247,4.14416646957397,12.3159999847412,-2.51000022888184,1429,239,24,65.3250427246094,679,106,109,631,13.5943336486816,44.0288009643555,614.680969238281,23.2320003509521,-7.64400005340576,30.8759994506836,-1.78933346271515,11.82200050354
"background",248,248,8.91866683959961,15.5340003967285,3.61533331871033,2257,357,29,62.1714019775391,1028,157,164,949,10.8400001525879,44.1943893432617,497.710693359375,24.1599998474121,-0.368000000715256,24.5279998779297,3.90866661071777,15.1366662979126
"background",249,249,11.2449998855591,17.9686660766602,5.13000011444092,1346,218,17,64.2257690429688,630,94,96,565,11.746000289917,44.4251136779785,527.179260253906,27.3840007781982,0.944000005722046,26.4400005340576,5.46600008010864,17.7940006256104
"background",250,250,6.70483350753784,14.0753335952759,0.337333351373672,2053,333,27,62.6870994567871,950,146,157,894,10.0036668777466,39.0585136413574,566.461303710938,22.2840003967285,-3.32800006866455,25.6119995117188,0.884666681289673,13.7480001449585
"background",251,251,11.4918336868286,18.4526672363281,4.98333311080933,1050,178,16,63.7310371398926,495,77,82,456,11.367000579834,43.0829277038574,553.309265136719,27.2840003967285,0.899999976158142,26.3840007781982,5.35933303833008,18.3500003814697
"background",252,252,10.6070003509521,17.7013339996338,3.65799999237061,1804,277,28,58.4013557434082,799,140,146,747,10.6893329620361,40.3614730834961,573.936340332031,26.2280006408691,-0.256000012159348,26.484001159668,4.28000020980835,17.5699996948242
