"species","x","y","wc2.1_2.5m_bio_1","wc2.1_2.5m_bio_10","wc2.1_2.5m_bio_11","wc2.1_2.5m_bio_12","wc2.1_2.5m_bio_13","wc2.1_2.5m_bio_14","wc2.1_2.5m_bio_15","wc2.1_2.5m_bio_16","wc2.1_2.5m_bio_17","wc2.1_2.5m_bio_18","wc2.1_2.5m_bio_19","wc2.1_2.5m_bio_2","wc2.1_2.5m_bio_3","wc2.1_2.5m_bio_4","wc2.1_2.5m_bio_5","wc2.1_2.5m_bio_6","wc2.1_2.5m_bio_7","wc2.1_2.5m_bio_8","wc2.1_2.5m_bio_9"
"species",1,1,10.7273330688477,17.8980007171631,3.61733341217041,1709,264,26,58.9455451965332,762,131,137,712,10.5373334884644,39.7215538024902,584.190307617188,26.3040008544922,-0.223999992012978,26.5280017852783,4.26200008392334,17.8306674957275
"species",2,2,9.24066638946533,15.4946670532227,3.67133331298828,2048,321,35,61.4357070922852,948,165,173,875,10.8666667938232,44.7703819274902,487.760040283203,23.9720001220703,-0.300000011920929,24.2719993591309,4.0460000038147,15.296667098999
"species",3,3,10.8544998168945,18.4373340606689,3.24266672134399,1428,234,19,64.7294311523438,672,97,97,629,10.3983335494995,38.1842422485352,621.630615234375,26.8080005645752,-0.42399999499321,27.2320003509521,3.96733331680298,18.4373340606689
"species",4,4,6.08500003814697,12.8186664581299,0.60999995470047,2417,391,42,62.3498611450195,1129,187,202,1045,9.5086669921875,39.8185348510742,508.790740966797,20.7560005187988,-3.12400007247925,23.8800010681152,0.986666619777679,12.460000038147
"species",5,5,10.8544998168945,18.4373340606689,3.24266672134399,1428,234,19,64.7294311523438,672,97,97,629,10.3983335494995,38.1842422485352,621.630615234375,26.8080005645752,-0.42399999499321,27.2320003509521,3.96733331680298,18.4373340606689
"species",6,6,10.0500001907349,16.779333114624,4.07600021362305,2059,310,32,57.0749931335449,898,162,167,839,10.8013334274292,43.2607078552246,524.497009277344,25.3479995727539,0.379999995231628,24.9680004119873,4.48666667938232,16.5533332824707
"species",7,7,10.1731662750244,16.8806667327881,3.92599987983704,2451,396,35,63.8129806518555,1140,174,189,1067,10.2943334579468,41.150993347168,531.382019042969,25.3840007781982,0.368000000715256,25.0160007476807,4.46266651153564,16.7146663665771
"species",8,8,6.1875,14.0926666259766,-0.391333252191544,2505,405,40,63.1893272399902,1172,185,199,1088,10.5656671524048,38.5495719909668,597.816711425781,23.1639995574951,-4.24399995803833,27.4079990386963,0.254000037908554,13.7226667404175
"species",9,9,9.45600032806396,16.1486663818359,3.19066667556763,2482,400,37,63.1418113708496,1150,181,196,1079,11.0799999237061,42.9324264526367,531.221313476562,25.0399990081787,-0.76800000667572,25.8079986572266,3.76200008392334,15.9433326721191
"species",10,10,11.0536670684814,18.57200050354,3.54133319854736,1481,239,20,63.4583435058594,689,104,104,644,10.3233337402344,38.1949577331543,615.502807617188,26.8880004882812,-0.140000000596046,27.0279998779297,4.19799995422363,18.57200050354
"species",11,11,9.97683334350586,16.6919994354248,3.99733328819275,2116,318,34,56.6591377258301,920,168,174,860,10.6596670150757,42.961742401123,523.518371582031,25.1679992675781,0.356000006198883,24.8119983673096,4.44133329391479,16.4580001831055
"species",12,12,11.748833656311,18.9500007629395,5.44333362579346,1245,209,15,67.3655471801758,601,82,86,541,12.2276668548584,44.1177177429199,548.518493652344,28.8799991607666,1.16400003433228,27.7159996032715,5.83133316040039,18.4673328399658
"species",13,13,9.9399995803833,16.6746673583984,4.15866661071777,1981,307,25,61.0718650817871,894,141,141,813,11.4513330459595,44.6550178527832,518.562561035156,25.9080009460449,0.263999998569489,25.6440010070801,4.44066667556763,16.4160003662109
"species",14,14,7.73899984359741,14.5260000228882,2.49200010299683,2376,387,30,64.071647644043,1106,162,174,1025,10.7453336715698,43.9374122619629,505.355804443359,23.1679992675781,-1.28799998760223,24.4559993743896,2.88533329963684,14.0113334655762
"species",15,15,8.91866683959961,15.5340003967285,3.61533331871033,2257,357,29,62.1714019775391,1028,157,164,949,10.8400001525879,44.1943893432617,497.710693359375,24.1599998474121,-0.368000000715256,24.5279998779297,3.90866661071777,15.1366662979126
"species",16,16,8.80966663360596,15.811333656311,3.01133322715759,2174,350,26,63.774600982666,1009,146,155,929,11.0539999008179,43.2404937744141,532.090637207031,24.7919998168945,-0.772000014781952,25.5639991760254,3.36800003051758,15.4653329849243
"species",17,17,9.41950035095215,17.2906665802002,1.60600006580353,1276,218,15,69.9173583984375,630,79,79,590,10.7369995117188,37.9184913635254,641.705810546875,26.0839996337891,-2.23199987411499,28.3159999847412,2.37400007247925,17.2906665802002
"species",18,18,8.9868335723877,16.6573333740234,1.71800005435944,1645,273,20,67.6134338378906,792,106,117,742,11.2076663970947,39.3582916259766,612.598754882812,26.007999420166,-2.46799993515015,28.4759998321533,2.30200004577637,16.4806671142578
"species",19,19,5.91900014877319,13.4313335418701,-0.429999947547913,2071,342,28,64.4701461791992,976,147,158,920,9.6540002822876,37.5817527770996,570.983093261719,21.6159992218018,-4.07200002670288,25.6879997253418,0.168666705489159,12.9666662216187
"species",20,20,5.95266675949097,13.5620002746582,-0.521999955177307,1969,328,26,65.5439987182617,936,137,147,883,9.75333309173584,37.4955139160156,579.7529296875,21.8719997406006,-4.1399998664856,26.011999130249,0.0893333777785301,13.1333332061768
"species",21,21,8.26283359527588,15.985333442688,1.03333330154419,1638,273,20,67.7642059326172,791,106,118,742,11.0843334197998,38.9142456054688,612.987243652344,25.3479995727539,-3.13599991798401,28.4839992523193,1.62266671657562,15.7733335494995
"species",22,22,9.56383323669434,17.2026672363281,2.15799999237061,1648,273,21,66.5883560180664,787,109,120,738,11.0756664276123,39.1476974487305,616.584411621094,26.3600006103516,-1.932000041008,28.2919998168945,2.75799989700317,17.1013336181641
"species",23,23,9.55883312225342,17.2466659545898,1.97000002861023,1437,241,18,67.3725433349609,693,93,103,650,10.4230003356934,37.8522644042969,625.378967285156,25.8120002746582,-1.72399997711182,27.5359992980957,2.73533344268799,17.2233333587646
"species",24,24,8.42816638946533,16.2153339385986,1.10599994659424,1512,254,18,68.7384414672852,737,96,108,691,10.9849996566772,38.5980339050293,618.717041015625,25.4519996643066,-3.00799989700317,28.4599990844727,1.78600001335144,16.0193328857422
"species",25,25,8.89033317565918,15.6193332672119,3.13066673278809,2290,356,34,59.7895584106445,1027,171,183,963,10.4606666564941,42.5714912414551,516.479248046875,24.003999710083,-0.568000018596649,24.57200050354,3.57400012016296,15.2719993591309
"species",26,26,5.95266675949097,13.5620002746582,-0.521999955177307,1969,328,26,65.5439987182617,936,137,147,883,9.75333309173584,37.4955139160156,579.7529296875,21.8719997406006,-4.1399998664856,26.011999130249,0.0893333777785301,13.1333332061768
"species",27,27,9.41950035095215,17.2906665802002,1.60600006580353,1276,218,15,69.9173583984375,630,79,79,590,10.7369995117188,37.9184913635254,641.705810546875,26.0839996337891,-2.23199987411499,28.3159999847412,2.37400007247925,17.2906665802002
"species",28,28,9.75333309173584,17.6846656799316,1.84066677093506,1183,205,13,71.9612350463867,593,70,70,556,11.0299997329712,38.181941986084,648.205200195312,26.7119998931885,-2.17600011825562,28.8880004882812,2.58333325386047,17.6846656799316
"species",29,29,8.9868335723877,16.6573333740234,1.71800005435944,1645,273,20,67.6134338378906,792,106,117,742,11.2076663970947,39.3582916259766,612.598754882812,26.007999420166,-2.46799993515015,28.4759998321533,2.30200004577637,16.4806671142578
"species",30,30,8.26283359527588,15.985333442688,1.03333330154419,1638,273,20,67.7642059326172,791,106,118,742,11.0843334197998,38.9142456054688,612.987243652344,25.3479995727539,-3.13599991798401,28.4839992523193,1.62266671657562,15.7733335494995
"species",31,31,6.59100008010864,14.3420000076294,-0.158666729927063,1776,300,23,67.4251480102539,858,120,129,810,10.1586666107178,37.7365036010742,596.208068847656,23.0200004577637,-3.90000009536743,26.9200000762939,0.445333272218704,13.9893341064453
"species",32,32,9.57800006866455,16.291332244873,3.63066673278809,2209,336,34,57.793872833252,972,172,181,909,10.7200002670288,42.8731422424316,521.873413085938,24.8239994049072,-0.180000007152557,25.003999710083,4.0426664352417,16.0226669311523
"species",33,33,8.75850009918213,15.6246662139893,2.85733342170715,2128,332,30,60.1996841430664,957,156,166,898,10.5729999542236,42.3529891967773,529.011169433594,24.07200050354,-0.892000019550323,24.9640007019043,3.2793333530426,15.3280000686646
"species",34,34,7.98433351516724,14.977334022522,1.99666666984558,2246,356,31,61.4379730224609,1025,163,177,962,10.3106670379639,41.3220024108887,536.428344726562,23.3560009002686,-1.59599995613098,24.9520015716553,2.54333329200745,14.6160001754761
"species",35,35,10.0500001907349,16.779333114624,4.07600021362305,2059,310,32,57.0749931335449,898,162,167,839,10.8013334274292,43.2607078552246,524.497009277344,25.3479995727539,0.379999995231628,24.9680004119873,4.48666667938232,16.5533332824707
"species",36,36,6.77300024032593,13.989333152771,0.589333355426788,2489,401,36,63.0728950500488,1155,180,194,1083,10.1146669387817,39.3873329162598,550.046264648438,22.431999206543,-3.24799990653992,25.6799983978271,1.17666661739349,13.4766664505005
"species",37,37,8.53649997711182,15.6026668548584,2.19799995422363,2229,352,32,61.1001434326172,1013,163,174,951,10.2796669006348,40.2366790771484,549.878356933594,23.9559993743896,-1.59200000762939,25.5480003356934,2.76333332061768,15.2799997329712
"species",38,38,9.49533367156982,17.2933330535889,1.75,1353,229,17,68.5684814453125,660,86,86,618,10.6166667938232,37.9654769897461,635.83642578125,25.988000869751,-1.97599995136261,27.9640007019043,2.51999998092651,17.2933330535889
"species",39,39,8.19033336639404,16.1326675415039,0.581999957561493,1488,256,17,71.3000335693359,740,91,102,696,11.3846664428711,38.607795715332,636.223022460938,25.9039993286133,-3.58399987220764,29.4879989624023,1.27866661548615,16.0086669921875
"species",40,40,5.91900014877319,13.4313335418701,-0.429999947547913,2071,342,28,64.4701461791992,976,147,158,920,9.6540002822876,37.5817527770996,570.983093261719,21.6159992218018,-4.07200002670288,25.6879997253418,0.168666705489159,12.9666662216187
"species",41,41,9.59033298492432,17.6119995117188,1.78466665744781,1118,195,13,72.4078063964844,563,66,66,529,11.5880002975464,39.527904510498,648.338684082031,26.9559993743896,-2.35999989509583,29.3159999847412,2.39933323860168,17.6119995117188
"species",42,42,5.96983337402344,13.6046667098999,-0.594666659832001,2075,340,28,63.7732429504395,970,147,158,914,9.75099945068359,37.4060134887695,583.726623535156,21.8239994049072,-4.24399995803833,26.0679988861084,0.0113333463668823,13.1679992675781
"species",43,43,9.77816677093506,16.4986667633057,4.0886664390564,2057,319,28,60.326831817627,920,151,153,851,10.3443336486816,42.4853515625,511.604949951172,24.7240009307861,0.376000016927719,24.3480014801025,4.36800003051758,16.1006660461426
"species",44,44,9.20349979400635,17.1506671905518,1.37266671657562,1271,221,14,72.5873184204102,639,75,84,601,11.4383335113525,38.810848236084,645.833374023438,26.7080001831055,-2.76399993896484,29.4720001220703,2.0939998626709,17.1259994506836
"species",45,45,10.7273330688477,17.8980007171631,3.61733341217041,1709,264,26,58.9455451965332,762,131,137,712,10.5373334884644,39.7215538024902,584.190307617188,26.3040008544922,-0.223999992012978,26.5280017852783,4.26200008392334,17.8306674957275
"species",46,46,7.65450000762939,14.5620002746582,1.93533337116241,2366,376,33,61.4762229919434,1080,172,187,1014,10.0570001602173,41.2577934265137,523.410278320312,22.7439994812012,-1.63199996948242,24.3759994506836,2.45600008964539,14.1160001754761
"species",47,47,6.93400001525879,14.0626668930054,0.903999984264374,2374,383,33,62.462833404541,1095,172,185,1031,9.81133365631104,39.4156112670898,543.069946289062,22.1719989776611,-2.72000002861023,24.8919982910156,1.44533336162567,13.6199998855591
"species",48,48,9.7408332824707,16.5166664123535,3.79333329200745,2127,324,32,58.1648292541504,937,163,169,876,10.8196668624878,43.1268577575684,526.018920898438,25.1240005493164,0.0359999984502792,25.0880012512207,4.14599990844727,16.2786674499512
"species",49,49,7.20183324813843,14.0793333053589,1.68466663360596,2353,378,32,61.7784042358398,1077,170,182,1015,9.68633365631104,40.7057228088379,517.553039550781,21.9839992523193,-1.81200003623962,23.7959995269775,2.11333322525024,13.6293334960938
"species",50,50,7.58933353424072,14.7073335647583,1.69466662406921,2286,373,27,64.6253051757812,1070,151,165,996,10.3846664428711,41.353401184082,538.698547363281,23.1800003051758,-1.932000041008,25.1119995117188,2.13066649436951,14.2913331985474
"species",51,51,7.58933353424072,14.7073335647583,1.69466662406921,2286,373,27,64.6253051757812,1070,151,165,996,10.3846664428711,41.353401184082,538.698547363281,23.1800003051758,-1.932000041008,25.1119995117188,2.13066649436951,14.2913331985474
"species",52,52,7.20816659927368,14.2906665802002,1.48800003528595,2323,381,29,64.5332946777344,1088,156,171,1014,10.4323329925537,41.890193939209,532.06201171875,22.8199996948242,-2.08399987220764,24.9039993286133,1.94333338737488,13.815333366394
"species",53,53,9.57800006866455,16.291332244873,3.63066673278809,2209,336,34,57.793872833252,972,172,181,909,10.7200002670288,42.8731422424316,521.873413085938,24.8239994049072,-0.180000007152557,25.003999710083,4.0426664352417,16.0226669311523
"species",54,54,11.0983333587646,18.054666519165,4.71333312988281,1810,268,31,54.5376091003418,774,153,156,721,11.1746664047241,42.7820320129395,548.764099121094,26.8799991607666,0.759999990463257,26.1199989318848,5.07666683197021,17.9039993286133
"species",55,55,8.73716640472412,15.7146663665771,2.60866665840149,2126,333,30,60.6848449707031,962,156,168,902,10.5456666946411,41.814697265625,541.330810546875,24.2159996032715,-1.00399994850159,25.2199993133545,3.10133337974548,15.4513330459595
"species",56,56,7.81650018692017,14.8973340988159,2.12999987602234,2005,331,26,65.0459518432617,945,137,145,870,11.9983339309692,44.9375762939453,534.077392578125,24.6480007171631,-2.05200004577637,26.7000007629395,2.5239999294281,14.5046672821045
"species",57,57,7.36933326721191,14.3559999465942,1.26333332061768,2493,403,37,63.3835105895996,1163,182,197,1088,10.3699998855591,40.7497634887695,537.83251953125,23,-2.44799995422363,25.4479999542236,1.86066663265228,13.9606666564941
"species",58,58,9.29616641998291,16.1879997253418,3.14733338356018,2111,326,31,59.2186546325684,941,159,168,882,10.6490001678467,42.2110366821289,537.701782226562,24.7199993133545,-0.508000016212463,25.2279987335205,3.64800000190735,15.9573335647583
"species",59,59,9.59033298492432,17.6119995117188,1.78466665744781,1118,195,13,72.4078063964844,563,66,66,529,11.5880002975464,39.527904510498,648.338684082031,26.9559993743896,-2.35999989509583,29.3159999847412,2.39933323860168,17.6119995117188
"species",60,60,9.20499992370605,16.9226665496826,1.76399993896484,1495,249,18,67.5502624511719,721,96,108,675,10.9473333358765,38.7488784790039,621.161926269531,25.9799995422363,-2.2720000743866,28.2519989013672,2.42066669464111,16.8106670379639
"species",61,61,8.26283359527588,15.985333442688,1.03333330154419,1638,273,20,67.7642059326172,791,106,118,742,11.0843334197998,38.9142456054688,612.987243652344,25.3479995727539,-3.13599991798401,28.4839992523193,1.62266671657562,15.7733335494995
"species",62,62,9.20499992370605,16.9226665496826,1.76399993896484,1495,249,18,67.5502624511719,721,96,108,675,10.9473333358765,38.7488784790039,621.161926269531,25.9799995422363,-2.2720000743866,28.2519989013672,2.42066669464111,16.8106670379639
"species",63,63,5.96983337402344,13.6046667098999,-0.594666659832001,2075,340,28,63.7732429504395,970,147,158,914,9.75099945068359,37.4060134887695,583.726623535156,21.8239994049072,-4.24399995803833,26.0679988861084,0.0113333463668823,13.1679992675781
"species",64,64,8.22483348846436,16.0453338623047,0.807999968528748,1514,257,18,69.9236755371094,745,95,106,700,11.183666229248,38.7085227966309,623.830627441406,25.5559997558594,-3.33599996566772,28.8920001983643,1.46333336830139,15.8800001144409
"species",65,65,9.75983333587646,17.771333694458,1.82266664505005,1114,195,13,72.9769592285156,564,66,74,529,11.2896661758423,38.4682655334473,653.264038085938,27.0359992980957,-2.31200003623962,29.3479995727539,2.55933332443237,17.7693328857422
"species",66,66,6.65549993515015,14.1553335189819,0.0533333607017994,2117,343,28,63.1833152770996,982,149,161,925,9.93033313751221,38.0822715759277,578.87890625,22.3920001983643,-3.68400001525879,26.076000213623,0.633333325386047,13.7826671600342
"species",67,67,10.377833366394,17.0906677246094,4.37066650390625,2039,303,33,55.799430847168,878,165,168,820,10.8509998321533,43.3831748962402,524.771057128906,25.6840000152588,0.671999990940094,25.011999130249,4.77199983596802,16.8920001983643
"species",68,68,8.80449962615967,15.6433334350586,2.81266665458679,2291,357,34,59.8756713867188,1028,171,183,964,10.5236663818359,41.9804801940918,528.919128417969,24.0919990539551,-0.976000010967255,25.0679988861084,3.27666664123535,15.3193330764771
"species",69,69,9.20349979400635,17.1506671905518,1.37266671657562,1271,221,14,72.5873184204102,639,75,84,601,11.4383335113525,38.810848236084,645.833374023438,26.7080001831055,-2.76399993896484,29.4720001220703,2.0939998626709,17.1259994506836
"species",70,70,9.49533367156982,17.2933330535889,1.75,1353,229,17,68.5684814453125,660,86,86,618,10.6166667938232,37.9654769897461,635.83642578125,25.988000869751,-1.97599995136261,27.9640007019043,2.51999998092651,17.2933330535889
"species",71,71,9.20499992370605,16.9226665496826,1.76399993896484,1495,249,18,67.5502624511719,721,96,108,675,10.9473333358765,38.7488784790039,621.161926269531,25.9799995422363,-2.2720000743866,28.2519989013672,2.42066669464111,16.8106670379639
"species",72,72,6.78766679763794,14.5726671218872,-0.113333344459534,1819,304,23,66.4541244506836,871,123,133,821,10.2740001678467,37.8723068237305,602.74560546875,23.2480010986328,-3.88000011444092,27.128002166748,0.483333259820938,14.242000579834
"species",73,73,10.2018337249756,17.8773326873779,2.58666658401489,1430,237,18,66.7864761352539,685,93,103,641,10.8043336868286,38.5703735351562,626.494201660156,26.6760005950928,-1.33599996566772,28.0120010375977,3.28066682815552,17.8519992828369
"species",74,74,8.5493335723877,16.521333694458,0.808666706085205,1355,235,15,72.3808059692383,680,81,91,639,11.5853328704834,38.9030685424805,642.903381347656,26.3999996185303,-3.37999987602234,29.7799987792969,1.53266668319702,16.457332611084
"species",75,75,9.71783351898193,17.7406673431396,1.80199992656708,1085,193,12,74.43505859375,556,62,62,522,11.3450002670288,38.8261489868164,652.025024414062,26.9079990386963,-2.31200003623962,29.2199993133545,2.4946665763855,17.7406673431396
"species",76,76,9.569167137146,16.3553333282471,3.63133335113525,2079,318,31,58.5310211181641,921,158,166,861,10.7363338470459,42.952205657959,526.473815917969,24.8959999084473,-0.0999999940395355,24.996000289917,4.03933334350586,16.0979995727539
"species",77,77,8.91833305358887,15.7613334655762,2.6159999370575,2507,404,37,63.4973487854004,1167,180,197,1092,11.0019998550415,42.4590911865234,538.866882324219,24.7240009307861,-1.18799996376038,25.9120006561279,3.21066665649414,15.496000289917
"species",78,78,9.4355001449585,16.2213344573975,3.48866677284241,2153,330,32,58.6169929504395,954,164,172,894,10.5536670684814,42.5482444763184,525.769775390625,24.6720008850098,-0.131999999284744,24.8040008544922,3.93933343887329,15.945333480835
"species",79,79,11.675666809082,18.6066665649414,4.93200016021729,1407,215,24,56.7004814147949,619,116,121,574,10.8853330612183,41.4142951965332,559.800598144531,27.2759990692139,0.991999983787537,26.2839984893799,5.49600028991699,18.5620002746582
"species",80,80,10.2273330688477,16.8686656951904,4.47133302688599,1900,291,24,59.9186897277832,847,137,137,767,11.5059995651245,44.9874877929688,513.383666992188,26.1040000915527,0.527999997138977,25.576000213623,4.74066638946533,16.8686656951904
"species",81,81,9.97683334350586,16.6919994354248,3.99733328819275,2116,318,34,56.6591377258301,920,168,174,860,10.6596670150757,42.961742401123,523.518371582031,25.1679992675781,0.356000006198883,24.8119983673096,4.44133329391479,16.4580001831055
"species",82,82,7.72316646575928,14.5806665420532,2.08533334732056,2417,384,34,61.3616333007812,1102,176,191,1035,10.0430002212524,41.411018371582,518.550231933594,22.7199993133545,-1.53199994564056,24.2519989013672,2.56466674804688,14.1146659851074
"species",83,83,8.53649997711182,15.6026668548584,2.19799995422363,2229,352,32,61.1001434326172,1013,163,174,951,10.2796669006348,40.2366790771484,549.878356933594,23.9559993743896,-1.59200000762939,25.5480003356934,2.76333332061768,15.2799997329712
"species",84,84,9.24383354187012,15.9060001373291,3.87000012397766,2179,345,28,62.2848281860352,995,151,158,913,11.2216663360596,44.9010353088379,501.636657714844,24.8719997406006,-0.119999997317791,24.992000579834,4.2039999961853,15.507999420166
"species",85,85,7.08783340454102,14.2080001831055,1.18733334541321,2155,348,28,62.2851676940918,992,154,164,934,9.875,40.0121536254883,540.917846679688,22.2280006408691,-2.45199990272522,24.6800003051758,1.61000001430511,13.8166666030884
"species",86,86,7.80249977111816,14.8999996185303,1.76333343982697,2218,355,29,62.3412742614746,1019,155,167,955,10.0930004119873,40.5016059875488,543.749206542969,23.1399993896484,-1.77999997138977,24.9200000762939,2.16266679763794,14.5679998397827
"species",87,87,10.4484996795654,17.0246677398682,4.63733339309692,1777,273,23,59.2800903320312,788,129,129,712,11.5383338928223,44.9942817687988,511.938507080078,26.2520008087158,0.607999980449677,25.6440010070801,4.93933343887329,17.0246677398682
"species",88,88,10.727499961853,17.5300006866455,4.71066665649414,1420,222,20,60.7205123901367,645,107,108,579,11.9756660461426,45.3761215209961,530.114196777344,27.068000793457,0.675999999046326,26.3920001983643,5.02600002288818,17.3646659851074
"species",89,89,10.6605005264282,17.3026676177979,4.71333312988281,1647,255,22,59.3586311340332,734,123,123,662,11.606333732605,44.2922210693359,518.765380859375,26.6159992218018,0.412000000476837,26.2039985656738,4.99599981307983,17.3026676177979
"species",90,90,7.5053334236145,14.7693328857422,1.2739999294281,2237,361,28,63.628833770752,1039,152,165,970,10.1459999084473,39.7632865905762,557.074035644531,23.1359996795654,-2.37999987602234,25.515998840332,1.6966667175293,14.4266662597656
"species",91,91,8.84099960327148,15.8686666488647,2.70466661453247,2132,337,28,61.5811920166016,971,150,158,907,10.2006664276123,40.7439956665039,543.271179199219,24.2240009307861,-0.811999976634979,25.0360012054443,3.1013331413269,15.6073331832886
"species",92,92,10.8306665420532,17.4739990234375,4.73600006103516,1439,224,20,59.5863304138184,644,109,109,581,11.5013332366943,43.9183349609375,523.4833984375,26.6679992675781,0.479999989271164,26.1879997253418,5.05533313751221,17.4739990234375
"species",93,93,11.2073335647583,18.253999710083,4.71933364868164,1674,252,29,55.6556167602539,726,140,143,674,11.2533330917358,42.548900604248,556.95263671875,27.1560001373291,0.708000004291534,26.4479999542236,5.06866645812988,18.1306667327881
"species",94,94,8.83399963378906,15.3979997634888,3.60866665840149,2265,361,29,62.5199928283691,1036,157,165,956,10.9479999542236,44.6638374328613,492.902038574219,24.1599998474121,-0.351999998092651,24.511999130249,3.9006667137146,15.0019998550415
"species",95,95,10.4598331451416,17.0493335723877,4.48733329772949,1643,251,22,59.2576789855957,730,122,122,662,11.0763330459595,43.4638748168945,517.420471191406,25.931999206543,0.448000013828278,25.4839992523193,4.78399991989136,17.0493335723877
"species",96,96,10.9436664581299,17.6813335418701,4.75266647338867,1400,216,19,59.752555847168,627,105,105,568,11.4093332290649,43.5337829589844,530.884643554688,26.7959995269775,0.587999999523163,26.2080001831055,5.07600021362305,17.6813335418701
"species",97,97,10.6843328475952,17.4839992523193,4.72466659545898,1485,233,20,61.5506057739258,678,109,111,611,11.9066667556763,45.0395927429199,526.886474609375,27.0319995880127,0.596000015735626,26.435998916626,5.02266645431519,17.2719993591309
"species",98,98,7.81500005722046,14.7846670150757,2.03600001335144,2328,372,30,62.2921981811523,1068,163,175,998,9.89599990844727,40.8318214416504,527.976867675781,22.8999996185303,-1.33599996566772,24.2360000610352,2.48466658592224,14.3826665878296
"species",99,99,10.0073337554932,16.7199993133545,4.37666702270508,1673,268,22,63.1736373901367,774,118,121,699,12.0640001296997,46.1726875305176,513.701965332031,26.3640003204346,0.236000001430511,26.1280002593994,4.63866662979126,16.4726676940918
"species",100,100,10.889666557312,17.5739994049072,4.74533319473267,1413,219,19,59.7027473449707,633,107,107,572,11.4293336868286,43.6834297180176,527.092224121094,26.7000007629395,0.53600001335144,26.1640014648438,5.06666660308838,17.5739994049072
"species",101,101,10.2501668930054,16.9506664276123,4.26933336257935,2086,310,34,55.6721000671387,898,169,175,839,10.7816667556763,43.258171081543,523.057312011719,25.503999710083,0.579999983310699,24.923999786377,4.66266679763794,16.732666015625
"species",102,102,7.10616683959961,14.228666305542,1.128666639328,2252,364,29,62.7212791442871,1039,158,170,976,9.95633316040039,40.2568855285645,542.267028808594,22.3840007781982,-2.34800004959106,24.7320003509521,1.58000004291534,13.8546667098999
"species",103,103,9.694167137146,16.7026672363281,3.14066672325134,2032,315,31,59.1954536437988,908,155,164,850,10.5736665725708,40.7997665405273,554.595520019531,25.1679992675781,-0.748000025749207,25.9159984588623,3.74600005149841,16.4640007019043
"species",104,104,10.7533330917358,17.5966663360596,4.26933336257935,1854,277,32,55.5513458251953,801,154,160,747,11.1059999465942,42.3117942810059,545.589233398438,26.4360008239746,0.18800000846386,26.2480010986328,4.75266695022583,17.4466667175293
"species",105,105,9.29616641998291,16.1879997253418,3.14733338356018,2111,326,31,59.2186546325684,941,159,168,882,10.6490001678467,42.2110366821289,537.701782226562,24.7199993133545,-0.508000016212463,25.2279987335205,3.64800000190735,15.9573335647583
"species",106,106,10.2729997634888,17.6879997253418,3.07799983024597,1766,283,24,63.1954040527344,817,124,132,766,10.7066669464111,39.322265625,599.034729003906,26.4320011138916,-0.796000003814697,27.2280006408691,3.65333342552185,17.5919990539551
"species",107,107,9.55883312225342,17.2466659545898,1.97000002861023,1437,241,18,67.3725433349609,693,93,103,650,10.4230003356934,37.8522644042969,625.378967285156,25.8120002746582,-1.72399997711182,27.5359992980957,2.73533344268799,17.2233333587646
"species",108,108,9.97683334350586,16.6919994354248,3.99733328819275,2116,318,34,56.6591377258301,920,168,174,860,10.6596670150757,42.961742401123,523.518371582031,25.1679992675781,0.356000006198883,24.8119983673096,4.44133329391479,16.4580001831055
"species",109,109,10.5688333511353,18.2080001831055,2.92199993133545,1446,238,19,65.6839599609375,686,96,105,641,10.664999961853,38.3798751831055,626.001831054688,26.8239994049072,-0.96399998664856,27.7880001068115,3.62000012397766,18.1959991455078
"species",110,110,9.71783351898193,17.7406673431396,1.80199992656708,1085,193,12,74.43505859375,556,62,62,522,11.3450002670288,38.8261489868164,652.025024414062,26.9079990386963,-2.31200003623962,29.2199993133545,2.4946665763855,17.7406673431396
"species",111,111,8.7093334197998,16.742000579834,1.04066669940948,1285,223,15,72.1594848632812,645,78,87,606,11.5866670608521,38.9860916137695,642.244079589844,26.5359992980957,-3.18400001525879,29.7199993133545,1.7573333978653,16.6019992828369
"species",112,112,9.57800006866455,16.291332244873,3.63066673278809,2209,336,34,57.793872833252,972,172,181,909,10.7200002670288,42.8731422424316,521.873413085938,24.8239994049072,-0.180000007152557,25.003999710083,4.0426664352417,16.0226669311523
"species",113,113,10.4126663208008,16.8746662139893,4.18400001525879,1799,286,29,60.6611328125,821,143,150,767,11.0306663513184,43.462043762207,520.599975585938,25.4559993743896,0.0759999975562096,25.3799991607666,4.65733337402344,16.757999420166
"species",114,114,10.2729997634888,17.6879997253418,3.07799983024597,1766,283,24,63.1954040527344,817,124,132,766,10.7066669464111,39.322265625,599.034729003906,26.4320011138916,-0.796000003814697,27.2280006408691,3.65333342552185,17.5919990539551
"species",115,115,10.6579999923706,17.6133327484131,4.47466659545898,1578,250,22,61.1396980285645,717,117,117,659,10.9953336715698,42.3875617980957,537.314270019531,26.3600006103516,0.420000016689301,25.9400005340576,4.79333305358887,17.2353324890137
"species",116,116,11.1028337478638,18.058666229248,4.5939998626709,1719,258,30,55.4065628051758,743,144,148,692,11.1843338012695,42.4743003845215,553.019958496094,26.9360008239746,0.60400003194809,26.3320007324219,5.0053334236145,17.9513339996338
"species",117,117,6.78766679763794,14.5726671218872,-0.113333344459534,1819,304,23,66.4541244506836,871,123,133,821,10.2740001678467,37.8723068237305,602.74560546875,23.2480010986328,-3.88000011444092,27.128002166748,0.483333259820938,14.242000579834
"species",118,118,10.9829998016357,17.8446674346924,4.33800029754639,1761,265,29,56.3644142150879,767,143,150,715,11.0659999847412,41.929370880127,551.838745117188,26.6520004272461,0.259999990463257,26.3920001983643,4.90733337402344,17.6919994354248
"species",119,119,5.91900014877319,13.4313335418701,-0.429999947547913,2071,342,28,64.4701461791992,976,147,158,920,9.6540002822876,37.5817527770996,570.983093261719,21.6159992218018,-4.07200002670288,25.6879997253418,0.168666705489159,12.9666662216187
"species",120,120,8.9868335723877,16.6573333740234,1.71800005435944,1645,273,20,67.6134338378906,792,106,117,742,11.2076663970947,39.3582916259766,612.598754882812,26.007999420166,-2.46799993515015,28.4759998321533,2.30200004577637,16.4806671142578
"species",121,121,8.7093334197998,16.742000579834,1.04066669940948,1285,223,15,72.1594848632812,645,78,87,606,11.5866670608521,38.9860916137695,642.244079589844,26.5359992980957,-3.18400001525879,29.7199993133545,1.7573333978653,16.6019992828369
"species",122,122,9.75983333587646,17.771333694458,1.82266664505005,1114,195,13,72.9769592285156,564,66,74,529,11.2896661758423,38.4682655334473,653.264038085938,27.0359992980957,-2.31200003623962,29.3479995727539,2.55933332443237,17.7693328857422
"species",123,123,11.3806667327881,18.2859992980957,4.90199995040894,1542,236,27,57.0578880310059,680,127,133,631,11.2733335494995,42.6761589050293,549.690063476562,27.2199993133545,0.804000020027161,26.4159984588623,5.31066656112671,18.1753330230713
"species",124,124,6.59100008010864,14.3420000076294,-0.158666729927063,1776,300,23,67.4251480102539,858,120,129,810,10.1586666107178,37.7365036010742,596.208068847656,23.0200004577637,-3.90000009536743,26.9200000762939,0.445333272218704,13.9893341064453
"species",125,125,7.52199983596802,15.4113330841064,0.23599998652935,1711,287,21,68.1925888061523,830,111,123,779,11.0233335494995,38.2435913085938,621.341430664062,24.9160003662109,-3.90799999237061,28.8240013122559,0.886666655540466,15.1653327941895
"species",126,126,8.22483348846436,16.0453338623047,0.807999968528748,1514,257,18,69.9236755371094,745,95,106,700,11.183666229248,38.7085227966309,623.830627441406,25.5559997558594,-3.33599996566772,28.8920001983643,1.46333336830139,15.8800001144409
"species",127,127,9.75333309173584,17.6846656799316,1.84066677093506,1183,205,13,71.9612350463867,593,70,70,556,11.0299997329712,38.181941986084,648.205200195312,26.7119998931885,-2.17600011825562,28.8880004882812,2.58333325386047,17.6846656799316
"species",128,128,6.78766679763794,14.5726671218872,-0.113333344459534,1819,304,23,66.4541244506836,871,123,133,821,10.2740001678467,37.8723068237305,602.74560546875,23.2480010986328,-3.88000011444092,27.128002166748,0.483333259820938,14.242000579834
"species",129,129,10.9829998016357,17.8446674346924,4.33800029754639,1761,265,29,56.3644142150879,767,143,150,715,11.0659999847412,41.929370880127,551.838745117188,26.6520004272461,0.259999990463257,26.3920001983643,4.90733337402344,17.6919994354248
"species",130,130,10.7533330917358,17.5966663360596,4.26933336257935,1854,277,32,55.5513458251953,801,154,160,747,11.1059999465942,42.3117942810059,545.589233398438,26.4360008239746,0.18800000846386,26.2480010986328,4.75266695022583,17.4466667175293
"species",131,131,11.7901668548584,18.9166660308838,5.11399984359741,1467,223,26,56.1424255371094,643,124,127,595,11.164999961853,41.8603782653809,567.745849609375,27.7840003967285,1.11199998855591,26.6720008850098,5.51000022888184,18.8353328704834
"species",132,132,5.91900014877319,13.4313335418701,-0.429999947547913,2071,342,28,64.4701461791992,976,147,158,920,9.6540002822876,37.5817527770996,570.983093261719,21.6159992218018,-4.07200002670288,25.6879997253418,0.168666705489159,12.9666662216187
"species",133,133,7.47316694259644,14.6599998474121,1.20866668224335,2527,403,36,62.2321128845215,1162,184,199,1089,10.3943338394165,40.0830383300781,552.098754882812,23.2320003509521,-2.70000004768372,25.9320011138916,1.7940000295639,14.1866664886475
"species",134,134,10.3486661911011,17.2473335266113,3.80533337593079,2038,308,33,56.897403717041,890,163,172,833,11.300666809082,42.4964904785156,550.619567871094,26.2639999389648,-0.328000009059906,26.5919990539551,4.28933334350586,17.0599994659424
"species",135,135,8.01399993896484,14.7519998550415,2.62733340263367,2344,372,32,61.075122833252,1065,169,183,999,10.014666557312,42.1067390441895,506.768341064453,22.8320007324219,-0.952000021934509,23.7840003967285,3.01666665077209,14.3106670379639
"species",136,136,8.26283359527588,15.985333442688,1.03333330154419,1638,273,20,67.7642059326172,791,106,118,742,11.0843334197998,38.9142456054688,612.987243652344,25.3479995727539,-3.13599991798401,28.4839992523193,1.62266671657562,15.7733335494995
"species",137,137,9.75983333587646,17.771333694458,1.82266664505005,1114,195,13,72.9769592285156,564,66,74,529,11.2896661758423,38.4682655334473,653.264038085938,27.0359992980957,-2.31200003623962,29.3479995727539,2.55933332443237,17.7693328857422
"species",138,138,11.675666809082,18.6066665649414,4.93200016021729,1407,215,24,56.7004814147949,619,116,121,574,10.8853330612183,41.4142951965332,559.800598144531,27.2759990692139,0.991999983787537,26.2839984893799,5.49600028991699,18.5620002746582
"species",139,139,9.36550045013428,17.267333984375,1.55400002002716,1208,210,14,71.8728637695312,606,73,73,569,10.9729995727539,38.2227973937988,643.651245117188,26.2759990692139,-2.43199992179871,28.7079982757568,2.3013334274292,17.267333984375
"species",140,140,7.70983362197876,14.6126670837402,1.99533343315125,2283,365,31,61.9040985107422,1046,164,177,983,10.0963335037231,41.3309860229492,524.4365234375,22.8040008544922,-1.62399995326996,24.4280014038086,2.43533325195312,14.220666885376
"species",141,141,9.55566692352295,16.3733329772949,3.35266661643982,2196,335,34,57.997974395752,968,171,180,906,10.7220001220703,41.9549217224121,534.741088867188,24.9479999542236,-0.607999980449677,25.5559997558594,3.80800008773804,16.1286659240723
"species",142,142,8.51816654205322,15.3559999465942,2.73266673088074,2228,351,31,60.8863105773926,1010,163,175,948,10.3596668243408,42.1467323303223,523.353393554688,23.7040004730225,-0.875999987125397,24.5799999237061,3.17333340644836,15.0153331756592
"species",143,143,11.1333332061768,18.0960006713867,4.760666847229,1660,251,28,56.049690246582,723,138,141,671,11.0600004196167,42.4470367431641,548.530090332031,26.8640003204346,0.807999968528748,26.0559997558594,5.11133337020874,17.945333480835
"species",144,144,9.20349979400635,17.1506671905518,1.37266671657562,1271,221,14,72.5873184204102,639,75,84,601,11.4383335113525,38.810848236084,645.833374023438,26.7080001831055,-2.76399993896484,29.4720001220703,2.0939998626709,17.1259994506836
"species",145,145,10.2081670761108,16.9046669006348,4.00333309173584,2102,322,34,58.1928291320801,931,166,175,869,11.3556661605835,43.4217910766602,529.944213867188,25.9599990844727,-0.19200000166893,26.1519985198975,4.41666650772095,16.7046661376953
"species",146,146,10.3288335800171,17.0706672668457,4.13000011444092,2042,303,34,55.2523040771484,877,168,175,819,10.9356670379639,42.8916969299316,531.958984375,25.7239990234375,0.228000000119209,25.4959983825684,4.53999996185303,16.8946666717529
"species",147,147,10.6070003509521,17.7013339996338,3.65799999237061,1804,277,28,58.4013557434082,799,140,146,747,10.6893329620361,40.3614730834961,573.936340332031,26.2280006408691,-0.256000012159348,26.484001159668,4.28000020980835,17.5699996948242
"species",148,148,8.73716640472412,15.7146663665771,2.60866665840149,2126,333,30,60.6848449707031,962,156,168,902,10.5456666946411,41.814697265625,541.330810546875,24.2159996032715,-1.00399994850159,25.2199993133545,3.10133337974548,15.4513330459595
"species",149,149,7.98433351516724,14.977334022522,1.99666666984558,2246,356,31,61.4379730224609,1025,163,177,962,10.3106670379639,41.3220024108887,536.428344726562,23.3560009002686,-1.59599995613098,24.9520015716553,2.54333329200745,14.6160001754761
"species",150,150,5.95266675949097,13.5620002746582,-0.521999955177307,1969,328,26,65.5439987182617,936,137,147,883,9.75333309173584,37.4955139160156,579.7529296875,21.8719997406006,-4.1399998664856,26.011999130249,0.0893333777785301,13.1333332061768
"species",151,151,7.92333316802979,15.0560007095337,1.62800002098083,2280,364,32,61.8542785644531,1044,165,177,982,10.1573333740234,39.8639450073242,551.943054199219,23.3840007781982,-2.09599995613098,25.480001449585,2.16466665267944,14.7119998931885
"species",152,152,5.91900014877319,13.4313335418701,-0.429999947547913,2071,342,28,64.4701461791992,976,147,158,920,9.6540002822876,37.5817527770996,570.983093261719,21.6159992218018,-4.07200002670288,25.6879997253418,0.168666705489159,12.9666662216187
"species",153,153,8.42816638946533,16.2153339385986,1.10599994659424,1512,254,18,68.7384414672852,737,96,108,691,10.9849996566772,38.5980339050293,618.717041015625,25.4519996643066,-3.00799989700317,28.4599990844727,1.78600001335144,16.0193328857422
"species",154,154,9.75983333587646,17.771333694458,1.82266664505005,1114,195,13,72.9769592285156,564,66,74,529,11.2896661758423,38.4682655334473,653.264038085938,27.0359992980957,-2.31200003623962,29.3479995727539,2.55933332443237,17.7693328857422
"species",155,155,9.86550045013428,17.0673332214355,2.9706666469574,1851,292,27,60.8483390808105,841,138,146,788,10.3056669235229,39.3165969848633,577.152526855469,25.4200000762939,-0.791999995708466,26.2119998931885,3.59533333778381,16.9333343505859
"species",156,156,9.55883312225342,17.2466659545898,1.97000002861023,1437,241,18,67.3725433349609,693,93,103,650,10.4230003356934,37.8522644042969,625.378967285156,25.8120002746582,-1.72399997711182,27.5359992980957,2.73533344268799,17.2233333587646
"species",157,157,7.72316646575928,14.5806665420532,2.08533334732056,2417,384,34,61.3616333007812,1102,176,191,1035,10.0430002212524,41.411018371582,518.550231933594,22.7199993133545,-1.53199994564056,24.2519989013672,2.56466674804688,14.1146659851074
"species",158,158,10.7273330688477,17.8980007171631,3.61733341217041,1709,264,26,58.9455451965332,762,131,137,712,10.5373334884644,39.7215538024902,584.190307617188,26.3040008544922,-0.223999992012978,26.5280017852783,4.26200008392334,17.8306674957275
"species",159,159,8.42816638946533,16.2153339385986,1.10599994659424,1512,254,18,68.7384414672852,737,96,108,691,10.9849996566772,38.5980339050293,618.717041015625,25.4519996643066,-3.00799989700317,28.4599990844727,1.78600001335144,16.0193328857422
"species",160,160,5.95266675949097,13.5620002746582,-0.521999955177307,1969,328,26,65.5439987182617,936,137,147,883,9.75333309173584,37.4955139160156,579.7529296875,21.8719997406006,-4.1399998664856,26.011999130249,0.0893333777785301,13.1333332061768
"species",161,161,10.2018337249756,17.8773326873779,2.58666658401489,1430,237,18,66.7864761352539,685,93,103,641,10.8043336868286,38.5703735351562,626.494201660156,26.6760005950928,-1.33599996566772,28.0120010375977,3.28066682815552,17.8519992828369
"species",162,162,8.89033317565918,15.6193332672119,3.13066673278809,2290,356,34,59.7895584106445,1027,171,183,963,10.4606666564941,42.5714912414551,516.479248046875,24.003999710083,-0.568000018596649,24.57200050354,3.57400012016296,15.2719993591309
"species",163,163,10.8944997787476,17.8540000915527,4.07933330535889,1733,262,28,56.495906829834,756,140,147,705,10.8756666183472,41.1333847045898,562.620422363281,26.503999710083,0.0640000030398369,26.4400005340576,4.68666648864746,17.732666015625
"species",164,164,7.98433351516724,14.977334022522,1.99666666984558,2246,356,31,61.4379730224609,1025,163,177,962,10.3106670379639,41.3220024108887,536.428344726562,23.3560009002686,-1.59599995613098,24.9520015716553,2.54333329200745,14.6160001754761
"species",165,165,9.75333309173584,17.6846656799316,1.84066677093506,1183,205,13,71.9612350463867,593,70,70,556,11.0299997329712,38.181941986084,648.205200195312,26.7119998931885,-2.17600011825562,28.8880004882812,2.58333325386047,17.6846656799316
"species",166,166,8.75850009918213,15.6246662139893,2.85733342170715,2128,332,30,60.1996841430664,957,156,166,898,10.5729999542236,42.3529891967773,529.011169433594,24.07200050354,-0.892000019550323,24.9640007019043,3.2793333530426,15.3280000686646
"species",167,167,8.53649997711182,15.6026668548584,2.19799995422363,2229,352,32,61.1001434326172,1013,163,174,951,10.2796669006348,40.2366790771484,549.878356933594,23.9559993743896,-1.59200000762939,25.5480003356934,2.76333332061768,15.2799997329712
"species",168,168,10.2501668930054,16.9506664276123,4.26933336257935,2086,310,34,55.6721000671387,898,169,175,839,10.7816667556763,43.258171081543,523.057312011719,25.503999710083,0.579999983310699,24.923999786377,4.66266679763794,16.732666015625
"species",169,169,5.96983337402344,13.6046667098999,-0.594666659832001,2075,340,28,63.7732429504395,970,147,158,914,9.75099945068359,37.4060134887695,583.726623535156,21.8239994049072,-4.24399995803833,26.0679988861084,0.0113333463668823,13.1679992675781
"species",170,170,8.5493335723877,16.521333694458,0.808666706085205,1355,235,15,72.3808059692383,680,81,91,639,11.5853328704834,38.9030685424805,642.903381347656,26.3999996185303,-3.37999987602234,29.7799987792969,1.53266668319702,16.457332611084
"species",171,171,9.91133308410645,16.4606666564941,3.84200000762939,2187,347,34,61.4134750366211,1000,167,177,935,11.2519998550415,43.8845558166504,517.587036132812,25.3600006103516,-0.280000001192093,25.6400012969971,4.28866672515869,16.2306671142578
"species",172,172,10.377833366394,17.0906677246094,4.37066650390625,2039,303,33,55.799430847168,878,165,168,820,10.8509998321533,43.3831748962402,524.771057128906,25.6840000152588,0.671999990940094,25.011999130249,4.77199983596802,16.8920001983643
"species",173,173,6.73016691207886,13.8506669998169,0.876666724681854,2146,347,29,61.9907264709473,987,156,166,931,9.76500034332275,39.9157943725586,539.323486328125,21.7880001068115,-2.67599987983704,24.4640007019043,1.35266661643982,13.4426670074463
"species",174,174,9.97683334350586,16.6919994354248,3.99733328819275,2116,318,34,56.6591377258301,920,168,174,860,10.6596670150757,42.961742401123,523.518371582031,25.1679992675781,0.356000006198883,24.8119983673096,4.44133329391479,16.4580001831055
"species",175,175,9.36800003051758,16.1780014038086,3.33599996566772,2162,331,33,58.3792533874512,956,166,175,896,10.6040000915527,42.4431648254395,529.654296875,24.6520004272461,-0.331999987363815,24.984001159668,3.8253333568573,15.9193334579468
"species",176,176,10.4949998855591,17.2553329467773,4.5019998550415,2041,303,33,55.6324119567871,878,165,170,819,10.9359998703003,43.4520034790039,526.235107421875,25.9160003662109,0.748000025749207,25.1680011749268,4.85733366012573,17.0319995880127
"species",177,177,10.377833366394,17.0906677246094,4.37066650390625,2039,303,33,55.799430847168,878,165,168,820,10.8509998321533,43.3831748962402,524.771057128906,25.6840000152588,0.671999990940094,25.011999130249,4.77199983596802,16.8920001983643
"species",178,178,7.92333316802979,15.0560007095337,1.62800002098083,2280,364,32,61.8542785644531,1044,165,177,982,10.1573333740234,39.8639450073242,551.943054199219,23.3840007781982,-2.09599995613098,25.480001449585,2.16466665267944,14.7119998931885
"species",179,179,8.70016670227051,16.3813323974609,1.35199999809265,1836,305,23,66.9521408081055,880,122,133,826,11.0950002670288,38.9407539367676,614.765502929688,25.7439994812012,-2.74799990653992,28.4919986724854,1.97666668891907,16.2199993133545
"species",180,180,6.41550016403198,13.8386669158936,-0.108000002801418,2347,385,33,64.6913299560547,1107,166,179,1038,10.2356662750244,38.5437049865723,570.145568847656,22.5799999237061,-3.9760000705719,26.5559997558594,0.560666680335999,13.3693332672119
"species",181,181,7.37666654586792,14.1420001983643,2.00066661834717,2368,380,32,61.8742256164551,1084,170,181,1020,9.74533367156982,41.4483375549316,507.783477783203,22.0520000457764,-1.46000003814697,23.5120010375977,2.45066666603088,13.6840000152588
"species",182,182,9.97683334350586,16.6919994354248,3.99733328819275,2116,318,34,56.6591377258301,920,168,174,860,10.6596670150757,42.961742401123,523.518371582031,25.1679992675781,0.356000006198883,24.8119983673096,4.44133329391479,16.4580001831055
"species",183,183,8.59033298492432,15.8546667098999,1.95133340358734,2048,329,28,62.7399482727051,946,147,157,889,10.2300004959106,39.141414642334,570.098815917969,24.3080005645752,-1.82799994945526,26.1359996795654,2.53200006484985,15.5893335342407
"species",184,184,10.6070003509521,17.7013339996338,3.65799999237061,1804,277,28,58.4013557434082,799,140,146,747,10.6893329620361,40.3614730834961,573.936340332031,26.2280006408691,-0.256000012159348,26.484001159668,4.28000020980835,17.5699996948242
"species",185,185,9.569167137146,16.3553333282471,3.63133335113525,2079,318,31,58.5310211181641,921,158,166,861,10.7363338470459,42.952205657959,526.473815917969,24.8959999084473,-0.0999999940395355,24.996000289917,4.03933334350586,16.0979995727539
"species",186,186,5.91900014877319,13.4313335418701,-0.429999947547913,2071,342,28,64.4701461791992,976,147,158,920,9.6540002822876,37.5817527770996,570.983093261719,21.6159992218018,-4.07200002670288,25.6879997253418,0.168666705489159,12.9666662216187
"species",187,187,7.92333316802979,15.0560007095337,1.62800002098083,2280,364,32,61.8542785644531,1044,165,177,982,10.1573333740234,39.8639450073242,551.943054199219,23.3840007781982,-2.09599995613098,25.480001449585,2.16466665267944,14.7119998931885
"species",188,188,9.694167137146,16.7026672363281,3.14066672325134,2032,315,31,59.1954536437988,908,155,164,850,10.5736665725708,40.7997665405273,554.595520019531,25.1679992675781,-0.748000025749207,25.9159984588623,3.74600005149841,16.4640007019043
"species",189,189,7.72316646575928,14.5806665420532,2.08533334732056,2417,384,34,61.3616333007812,1102,176,191,1035,10.0430002212524,41.411018371582,518.550231933594,22.7199993133545,-1.53199994564056,24.2519989013672,2.56466674804688,14.1146659851074
"species",190,190,8.53649997711182,15.6026668548584,2.19799995422363,2229,352,32,61.1001434326172,1013,163,174,951,10.2796669006348,40.2366790771484,549.878356933594,23.9559993743896,-1.59200000762939,25.5480003356934,2.76333332061768,15.2799997329712
"species",191,191,9.12766647338867,17.0900001525879,1.48000001907349,1256,216,15,70.7789993286133,624,78,85,587,11.4186668395996,39.3801460266113,641.853515625,26.423999786377,-2.57200002670288,28.996000289917,2.04666662216187,17.0739994049072
"species",192,192,8.53649997711182,15.6026668548584,2.19799995422363,2229,352,32,61.1001434326172,1013,163,174,951,10.2796669006348,40.2366790771484,549.878356933594,23.9559993743896,-1.59200000762939,25.5480003356934,2.76333332061768,15.2799997329712
"species",193,193,10.8944997787476,17.8540000915527,4.07933330535889,1733,262,28,56.495906829834,756,140,147,705,10.8756666183472,41.1333847045898,562.620422363281,26.503999710083,0.0640000030398369,26.4400005340576,4.68666648864746,17.732666015625
"species",194,194,9.57800006866455,16.291332244873,3.63066673278809,2209,336,34,57.793872833252,972,172,181,909,10.7200002670288,42.8731422424316,521.873413085938,24.8239994049072,-0.180000007152557,25.003999710083,4.0426664352417,16.0226669311523
"species",195,195,9.694167137146,16.7026672363281,3.14066672325134,2032,315,31,59.1954536437988,908,155,164,850,10.5736665725708,40.7997665405273,554.595520019531,25.1679992675781,-0.748000025749207,25.9159984588623,3.74600005149841,16.4640007019043
"species",196,196,6.59100008010864,14.3420000076294,-0.158666729927063,1776,300,23,67.4251480102539,858,120,129,810,10.1586666107178,37.7365036010742,596.208068847656,23.0200004577637,-3.90000009536743,26.9200000762939,0.445333272218704,13.9893341064453
"species",197,197,9.694167137146,16.7026672363281,3.14066672325134,2032,315,31,59.1954536437988,908,155,164,850,10.5736665725708,40.7997665405273,554.595520019531,25.1679992675781,-0.748000025749207,25.9159984588623,3.74600005149841,16.4640007019043
"species",198,198,9.694167137146,16.7026672363281,3.14066672325134,2032,315,31,59.1954536437988,908,155,164,850,10.5736665725708,40.7997665405273,554.595520019531,25.1679992675781,-0.748000025749207,25.9159984588623,3.74600005149841,16.4640007019043
"species",199,199,8.59033298492432,15.8546667098999,1.95133340358734,2048,329,28,62.7399482727051,946,147,157,889,10.2300004959106,39.141414642334,570.098815917969,24.3080005645752,-1.82799994945526,26.1359996795654,2.53200006484985,15.5893335342407
"species",200,200,10.2569999694824,17.0773334503174,3.85933327674866,2034,305,34,56.1590003967285,882,166,173,824,10.9306669235229,42.0798683166504,541.68896484375,25.7639999389648,-0.211999997496605,25.9759998321533,4.32333326339722,16.8959999084473
"species",201,201,9.82033348083496,16.9899997711182,3.04800009727478,1987,311,29,60.8158798217773,900,146,156,843,10.6906671524048,40.1602783203125,571.739562988281,25.6760005950928,-0.944000005722046,26.6200008392334,3.57866668701172,16.800666809082
"species",202,202,10.2569999694824,17.0773334503174,3.85933327674866,2034,305,34,56.1590003967285,882,166,173,824,10.9306669235229,42.0798683166504,541.68896484375,25.7639999389648,-0.211999997496605,25.9759998321533,4.32333326339722,16.8959999084473
"species",203,203,6.31616687774658,13.6379995346069,-0.228666707873344,2003,336,29,66.4704513549805,966,140,153,901,10.4803333282471,39.269832611084,571.847595214844,22.3959999084473,-4.29199981689453,26.6879997253418,0.274000018835068,13.4013338088989
"species",204,204,7.56566667556763,14.7206659317017,1.43733334541321,2088,335,28,61.9888076782227,957,150,159,902,10.28600025177,40.5599365234375,549.98779296875,23.007999420166,-2.35199999809265,25.3599987030029,1.8806666135788,14.3966665267944
"species",205,205,10.7273330688477,17.8980007171631,3.61733341217041,1709,264,26,58.9455451965332,762,131,137,712,10.5373334884644,39.7215538024902,584.190307617188,26.3040008544922,-0.223999992012978,26.5280017852783,4.26200008392334,17.8306674957275
"species",206,206,10.8944997787476,17.8540000915527,4.07933330535889,1733,262,28,56.495906829834,756,140,147,705,10.8756666183472,41.1333847045898,562.620422363281,26.503999710083,0.0640000030398369,26.4400005340576,4.68666648864746,17.732666015625
"species",207,207,7.84716653823853,15.4033336639404,1.23199999332428,2075,339,23,65.7511978149414,982,130,148,910,11.0550003051758,40.5896606445312,583.636291503906,24.6639995574951,-2.57200002670288,27.2360000610352,1.69000005722046,15.1386661529541
"species",208,208,7.57116651535034,14.3713331222534,2.25133323669434,2363,386,30,64.0840835571289,1102,161,175,1025,10.5236663818359,43.3572273254395,507.144989013672,22.8999996185303,-1.37199997901917,24.2719993591309,2.64333319664001,13.8686666488647
"species",209,209,9.30816650390625,15.8513336181641,3.94000005722046,2142,335,29,60.6875152587891,964,156,160,891,9.97233295440674,42.5295715332031,494.103271484375,23.7239990234375,0.275999993085861,23.4479999542236,4.23400020599365,15.4406661987305
"species",210,210,10.2018337249756,17.8773326873779,2.58666658401489,1430,237,18,66.7864761352539,685,93,103,641,10.8043336868286,38.5703735351562,626.494201660156,26.6760005950928,-1.33599996566772,28.0120010375977,3.28066682815552,17.8519992828369
"species",211,211,8.26283359527588,15.985333442688,1.03333330154419,1638,273,20,67.7642059326172,791,106,118,742,11.0843334197998,38.9142456054688,612.987243652344,25.3479995727539,-3.13599991798401,28.4839992523193,1.62266671657562,15.7733335494995
"species",212,212,9.49533367156982,17.2933330535889,1.75,1353,229,17,68.5684814453125,660,86,86,618,10.6166667938232,37.9654769897461,635.83642578125,25.988000869751,-1.97599995136261,27.9640007019043,2.51999998092651,17.2933330535889
"species",213,213,8.73716640472412,15.7146663665771,2.60866665840149,2126,333,30,60.6848449707031,962,156,168,902,10.5456666946411,41.814697265625,541.330810546875,24.2159996032715,-1.00399994850159,25.2199993133545,3.10133337974548,15.4513330459595
"species",214,214,5.95266675949097,13.5620002746582,-0.521999955177307,1969,328,26,65.5439987182617,936,137,147,883,9.75333309173584,37.4955139160156,579.7529296875,21.8719997406006,-4.1399998664856,26.011999130249,0.0893333777785301,13.1333332061768
"species",215,215,7.92333316802979,15.0560007095337,1.62800002098083,2280,364,32,61.8542785644531,1044,165,177,982,10.1573333740234,39.8639450073242,551.943054199219,23.3840007781982,-2.09599995613098,25.480001449585,2.16466665267944,14.7119998931885
"species",216,216,9.31683349609375,16.1766662597656,3.6453332901001,1877,301,25,62.9201354980469,866,132,137,788,12.1456670761108,45.7636260986328,523.360534667969,25.9759998321533,-0.564000010490417,26.5399990081787,3.89666676521301,15.9180002212524
"species",217,217,9.60033321380615,16.3693332672119,4.08666658401489,1910,309,25,63.8491821289062,888,131,137,808,12.1613330841064,46.1355590820312,512.46142578125,26.07200050354,-0.288000017404556,26.3600006103516,4.32133340835571,16.0279998779297
"species",218,218,10.0736665725708,17.0599994659424,3.89733338356018,1764,277,23,61.2616386413574,800,127,127,721,12.4206666946411,45.4237365722656,546.290161132812,27.1000003814697,-0.244000002741814,27.3439998626709,4.13733339309692,16.9273338317871
"species",219,219,9.87316703796387,16.8186664581299,3.83533334732056,1846,288,24,61.1986999511719,836,133,133,755,12.30299949646,45.5194625854492,539.058044433594,26.7600002288818,-0.26800000667572,27.0279998779297,4.1080002784729,16.6319999694824
"species",220,220,9.42966651916504,16.492000579834,3.40533328056335,1850,296,24,62.8124961853027,853,130,133,775,12.3120002746582,45.2181587219238,545.278259277344,26.503999710083,-0.724000036716461,27.2280006408691,3.63733339309692,16.292667388916
"species",221,221,9.60750007629395,16.6219997406006,3.5733335018158,1871,296,24,62.1794891357422,856,132,134,776,12.3676662445068,45.4693641662598,542.708984375,26.6399993896484,-0.560000002384186,27.1999988555908,3.83999991416931,16.4200000762939
"species",222,222,9.694167137146,16.7026672363281,3.14066672325134,2032,315,31,59.1954536437988,908,155,164,850,10.5736665725708,40.7997665405273,554.595520019531,25.1679992675781,-0.748000025749207,25.9159984588623,3.74600005149841,16.4640007019043
"species",223,223,9.694167137146,16.7026672363281,3.14066672325134,2032,315,31,59.1954536437988,908,155,164,850,10.5736665725708,40.7997665405273,554.595520019531,25.1679992675781,-0.748000025749207,25.9159984588623,3.74600005149841,16.4640007019043
"species",224,224,10.7273330688477,17.8980007171631,3.61733341217041,1709,264,26,58.9455451965332,762,131,137,712,10.5373334884644,39.7215538024902,584.190307617188,26.3040008544922,-0.223999992012978,26.5280017852783,4.26200008392334,17.8306674957275
"species",225,225,6.82399988174438,13.6346664428711,1.08533334732056,2200,359,38,63.3203926086426,1039,168,183,959,10.1193332672119,40.8037605285645,521.987243652344,22.0400009155273,-2.75999999046326,24.8000011444092,1.4539999961853,13.3920001983643
"species",226,226,8.70016670227051,16.3813323974609,1.35199999809265,1836,305,23,66.9521408081055,880,122,133,826,11.0950002670288,38.9407539367676,614.765502929688,25.7439994812012,-2.74799990653992,28.4919986724854,1.97666668891907,16.2199993133545
"species",227,227,6.95716667175293,13.9466667175293,0.952666699886322,2193,354,37,62.9370880126953,1030,166,182,951,10.4683332443237,41.0651702880859,536.719970703125,22.6760005950928,-2.81599998474121,25.492000579834,1.42266666889191,13.6540002822876
"species",228,228,6.91333341598511,14.1899995803833,0.52866667509079,2243,367,35,64.2673645019531,1062,164,179,986,10.53600025177,39.9211883544922,564.389770507812,22.9519996643066,-3.44000005722046,26.3920001983643,0.982666730880737,13.9680004119873
"species",229,229,8.22516632080078,15.6966667175293,1.24066662788391,2142,348,28,64.5700149536133,1005,148,161,943,10.6983327865601,39.0108413696289,590.761169433594,24.6800003051758,-2.74399995803833,27.423999786377,1.85600006580353,15.4300003051758
"species",230,230,8.3633337020874,15.8713331222534,1.38800001144409,2051,336,27,65.4142761230469,970,140,153,911,10.7733335494995,39.1472854614258,592.601867675781,24.9160003662109,-2.60400009155273,27.5200004577637,1.98333334922791,15.6046667098999
"species",231,231,8.44383335113525,15.6173334121704,1.810666680336,2126,350,30,65.6803359985352,1014,149,164,944,11.1230001449585,41.2268371582031,569.705017089844,24.7719993591309,-2.20799994468689,26.9799995422363,2.29999995231628,15.5426664352417
"species",232,232,7.60083341598511,14.7886667251587,1.0313333272934,2057,341,29,66.0339508056641,985,143,158,919,10.9516668319702,40.6701812744141,567.846374511719,23.8320007324219,-3.09599995613098,26.9280014038086,1.51800000667572,14.6593332290649
"species",233,233,7.823166847229,15.5086669921875,0.771333277225494,1868,310,24,66.7304153442383,895,125,138,840,10.8883333206177,38.6879386901855,603.616394042969,24.8040008544922,-3.33999991416931,28.1440010070801,1.36199998855591,15.224666595459
"species",234,234,9.051833152771,16.6346664428711,1.6746666431427,1966,324,26,66.0085601806641,934,134,144,877,11.0143337249756,39.0745468139648,611.418701171875,25.8120002746582,-2.37599992752075,28.1879997253418,2.32999992370605,16.5113334655762
"species",235,235,8.1230001449585,15.7373332977295,0.938000023365021,2152,355,28,66.0426177978516,1023,146,158,960,10.8280000686646,38.6383094787598,603.550903320312,24.8999996185303,-3.12400007247925,28.0240001678467,1.61066675186157,15.4913330078125
"species",236,236,8.1230001449585,15.7373332977295,0.938000023365021,2152,355,28,66.0426177978516,1023,146,158,960,10.8280000686646,38.6383094787598,603.550903320312,24.8999996185303,-3.12400007247925,28.0240001678467,1.61066675186157,15.4913330078125
"species",237,237,9.694167137146,16.7026672363281,3.14066672325134,2032,315,31,59.1954536437988,908,155,164,850,10.5736665725708,40.7997665405273,554.595520019531,25.1679992675781,-0.748000025749207,25.9159984588623,3.74600005149841,16.4640007019043
"species",238,238,7.72316646575928,14.5806665420532,2.08533334732056,2417,384,34,61.3616333007812,1102,176,191,1035,10.0430002212524,41.411018371582,518.550231933594,22.7199993133545,-1.53199994564056,24.2519989013672,2.56466674804688,14.1146659851074
"species",239,239,9.36550045013428,17.267333984375,1.55400002002716,1208,210,14,71.8728637695312,606,73,73,569,10.9729995727539,38.2227973937988,643.651245117188,26.2759990692139,-2.43199992179871,28.7079982757568,2.3013334274292,17.267333984375
"species",240,240,10.8544998168945,18.4373340606689,3.24266672134399,1428,234,19,64.7294311523438,672,97,97,629,10.3983335494995,38.1842422485352,621.630615234375,26.8080005645752,-0.42399999499321,27.2320003509521,3.96733331680298,18.4373340606689
"species",241,241,9,16.4313335418701,2.51066660881042,1812,292,23,63.3792953491211,841,126,130,765,12.4693326950073,44.2991790771484,577.507202148438,26.6959991455078,-1.45200002193451,28.1479988098145,2.85000014305115,16.2746658325195
"species",242,242,7.38800001144409,14.5693330764771,1.36533331871033,2271,367,29,62.8219871520996,1049,158,170,984,9.97333335876465,39.9380645751953,546.846740722656,22.7479991912842,-2.22399997711182,24.9720001220703,1.75666666030884,14.2080001831055
"species",243,243,6.1875,14.0926666259766,-0.391333252191544,2505,405,40,63.1893272399902,1172,185,199,1088,10.5656671524048,38.5495719909668,597.816711425781,23.1639995574951,-4.24399995803833,27.4079990386963,0.254000037908554,13.7226667404175
"species",244,244,7.36299991607666,14.9119997024536,0.406000047922134,2269,372,31,65.1822509765625,1072,157,170,1005,10.5606660842896,38.5032348632812,591.056396484375,23.9079990386963,-3.51999998092651,27.42799949646,1.1193333864212,14.5713329315186
"species",245,245,7.36299991607666,14.9119997024536,0.406000047922134,2269,372,31,65.1822509765625,1072,157,170,1005,10.5606660842896,38.5032348632812,591.056396484375,23.9079990386963,-3.51999998092651,27.42799949646,1.1193333864212,14.5713329315186
"species",246,246,9.49533367156982,17.2933330535889,1.75,1353,229,17,68.5684814453125,660,86,86,618,10.6166667938232,37.9654769897461,635.83642578125,25.988000869751,-1.97599995136261,27.9640007019043,2.51999998092651,17.2933330535889
"species",247,247,10.6070003509521,17.7013339996338,3.65799999237061,1804,277,28,58.4013557434082,799,140,146,747,10.6893329620361,40.3614730834961,573.936340332031,26.2280006408691,-0.256000012159348,26.484001159668,4.28000020980835,17.5699996948242
"species",248,248,9.41950035095215,17.2906665802002,1.60600006580353,1276,218,15,69.9173583984375,630,79,79,590,10.7369995117188,37.9184913635254,641.705810546875,26.0839996337891,-2.23199987411499,28.3159999847412,2.37400007247925,17.2906665802002
"species",249,249,10.996166229248,19.3206672668457,2.67533349990845,831,151,9,75.826301574707,433,46,46,404,11.4969997406006,38.6791839599609,677.85595703125,28.2999992370605,-1.42400002479553,29.7239990234375,3.38666677474976,19.3206672668457
"species",250,250,10.5150003433228,17.1420001983643,4.49733352661133,1629,248,21,59.5029067993164,724,119,119,658,11.0033330917358,43.224910736084,520.027893066406,25.9519996643066,0.495999991893768,25.4559993743896,4.81733322143555,17.1420001983643
"species",251,251,9.694167137146,16.7026672363281,3.14066672325134,2032,315,31,59.1954536437988,908,155,164,850,10.5736665725708,40.7997665405273,554.595520019531,25.1679992675781,-0.748000025749207,25.9159984588623,3.74600005149841,16.4640007019043
"species",252,252,10.0819997787476,16.7273330688477,4.44600009918213,1953,301,26,60.1435127258301,874,143,145,803,10.4200000762939,42.7820663452148,507.844848632812,24.9440002441406,0.587999999523163,24.3560009002686,4.72933340072632,16.3880004882812
